callOi,expiryData,indiavixData,optionsChain,putOi,fetched_datetime
11404000,,,"[{""ask"": 0, ""bid"": 0, ""oi"": 2000, ""option_type"": ""PE"", ""strike_price"": 405, ""oich"": 2000}, {""ask"": 0, ""bid"": 0, ""oi"": 385000, ""option_type"": ""CE"", ""strike_price"": 390, ""oich"": 385000}, {""ask"": 0, ""bid"": 0, ""oi"": 111000, ""option_type"": ""CE"", ""strike_price"": 385, ""oich"": 111000}, {""ask"": 0, ""bid"": 0, ""oi"": 196000, ""option_type"": ""PE"", ""strike_price"": 335, ""oich"": 196000}, {""ask"": 0, ""bid"": 0, ""oi"": 455000, ""option_type"": ""PE"", ""strike_price"": 330, ""oich"": 455000}, {""ask"": 0, ""bid"": 0, ""oi"": 889000, ""option_type"": ""PE"", ""strike_price"": 400, ""oich"": 889000}, {""ask"": 0, ""bid"": 0, ""oi"": 0, ""option_type"": ""CE"", ""strike_price"": 280, ""oich"": 0}, {""ask"": 0, ""bid"": 0, ""oi"": 57000, ""option_type"": ""CE"", ""strike_price"": 325, ""oich"": 57000}, {""ask"": 0, ""bid"": 0, ""oi"": 239000, ""option_type"": ""PE"", ""strike_price"": 320, ""oich"": 239000}, {""ask"": 0, ""bid"": 0, ""oi"": 0, ""option_type"": ""CE"", ""strike_price"": 295, ""oich"": 0}, {""ask"": 0, ""bid"": 0, ""oi"": 126000, ""option_type"": ""PE"", ""strike_price"": 410, ""oich"": 126000}, {""ask"": 0, ""bid"": 0, ""oi"": 2126000, ""option_type"": ""CE"", ""strike_price"": 360, ""oich"": 2126000}, {""ask"": 0, ""bid"": 0, ""oi"": 1211000, ""option_type"": ""CE"", ""strike_price"": 350, ""oich"": 1211000}, {""ask"": 0, ""bid"": 0, ""oi"": 10000, ""option_type"": ""PE"", ""strike_price"": 395, ""oich"": 10000}, {""ask"": 0, ""bid"": 0, ""oi"": 513000, ""option_type"": ""PE"", ""strike_price"": 355, ""oich"": 513000}, {""ask"": 0, ""bid"": 0, ""oi"": 1052000, ""option_type"": ""PE"", ""strike_price"": 340, ""oich"": 1052000}, {""ask"": 0, ""bid"": 0, ""oi"": 64000, ""option_type"": ""CE"", ""strike_price"": 335, ""oich"": 64000}, {""ask"": 0, ""bid"": 0, ""oi"": 0, ""option_type"": ""CE"", ""strike_price"": 290, ""oich"": 0}, {""ask"": 0, ""bid"": 0, ""oi"": 432000, ""option_type"": ""PE"", ""strike_price"": 430, ""oich"": 432000}, {""ask"": 0, ""bid"": 0, ""oi"": 1026000, ""option_type"": ""CE"", ""strike_price"": 370, ""oich"": 1026000}, {""ask"": 0, ""bid"": 0, ""oi"": 1081000, ""option_type"": ""PE"", ""strike_price"": 350, ""oich"": 1081000}, {""ask"": 0, ""bid"": 0, ""oi"": 0, ""option_type"": ""CE"", ""strike_price"": 310, ""oich"": 0}, {""ask"": 0, ""bid"": 0, ""oi"": 234000, ""option_type"": ""PE"", ""strike_price"": 300, ""oich"": 234000}, {""ask"": 0, ""bid"": 0, ""oi"": 5000, ""option_type"": ""CE"", ""strike_price"": 300, ""oich"": 5000}, {""ask"": 0, ""bid"": 0, ""oi"": 20000, ""option_type"": ""PE"", ""strike_price"": 385, ""oich"": 20000}, {""ask"": 0, ""bid"": 0, ""oi"": 253000, ""option_type"": ""PE"", ""strike_price"": 345, ""oich"": 253000}, {""ask"": 0, ""bid"": 0, ""oi"": 895000, ""option_type"": ""CE"", ""strike_price"": 340, ""oich"": 895000}, {""ask"": 0, ""bid"": 0, ""oi"": 102000, ""option_type"": ""PE"", ""strike_price"": 325, ""oich"": 102000}, {""ask"": 0, ""bid"": 0, ""oi"": 12000, ""option_type"": ""PE"", ""strike_price"": 305, ""oich"": 12000}, {""ask"": 0, ""bid"": 0, ""oi"": 0, ""option_type"": ""CE"", ""strike_price"": 315, ""oich"": 0}, {""ask"": 0, ""bid"": 0, ""oi"": 278000, ""option_type"": ""CE"", ""strike_price"": 330, ""oich"": 278000}, {""ask"": 0, ""bid"": 0, ""oi"": 159000, ""option_type"": ""CE"", ""strike_price"": 405, ""oich"": 159000}, {""ask"": 0, ""bid"": 0, ""oi"": 149000, ""option_type"": ""CE"", ""strike_price"": 410, ""oich"": 149000}, {""ask"": 0, ""bid"": 0, ""oi"": 0, ""option_type"": ""PE"", ""strike_price"": 295, ""oich"": 0}, {""ask"": 0, ""bid"": 0, ""oi"": 0, ""option_type"": ""CE"", ""strike_price"": 305, ""oich"": 0}, {""ask"": 0, ""bid"": 0, ""oi"": 9000, ""option_type"": ""PE"", ""strike_price"": 280, ""oich"": 9000}, {""ask"": 0, ""bid"": 0, ""oi"": 6000, ""option_type"": ""PE"", ""strike_price"": 290, ""oich"": 6000}, {""ask"": 0, ""bid"": 0, ""oi"": 126000, ""option_type"": ""PE"", ""strike_price"": 310, ""oich"": 126000}, {""ask"": 0, ""bid"": 0, ""oi"": 78000, ""option_type"": ""PE"", ""strike_price"": 315, ""oich"": 78000}, {""ask"": 0, ""bid"": 0, ""oi"": 66000, ""option_type"": ""CE"", ""strike_price"": 320, ""oich"": 66000}, {""ask"": 0, ""bid"": 0, ""oi"": 203000, ""option_type"": ""CE"", ""strike_price"": 345, ""oich"": 203000}, {""ask"": 0, ""bid"": 0, ""oi"": 1015000, ""option_type"": ""PE"", ""strike_price"": 360, ""oich"": 1015000}, {""ask"": 0, ""bid"": 0, ""oi"": 416000, ""option_type"": ""PE"", ""strike_price"": 380, ""oich"": 416000}, {""ask"": 0, ""bid"": 0, ""oi"": 62000, ""option_type"": ""CE"", ""strike_price"": 395, ""oich"": 62000}, {""ask"": 0, ""bid"": 0, ""oi"": 239000, ""option_type"": ""PE"", ""strike_price"": 420, ""oich"": 239000}, {""ask"": 0, ""bid"": 0, ""oi"": 34000, ""option_type"": ""CE"", ""strike_price"": 450, ""oich"": 34000}, {""ask"": 0, ""bid"": 0, ""oi"": 128000, ""option_type"": ""PE"", ""strike_price"": 365, ""oich"": 128000}, {""ask"": 0, ""bid"": 0, ""oi"": 71000, ""option_type"": ""CE"", ""strike_price"": 420, ""oich"": 71000}, {""ask"": 0, ""bid"": 0, ""oi"": 928000, ""option_type"": ""CE"", ""strike_price"": 380, ""oich"": 928000}, {""ask"": 0, ""bid"": 0, ""oi"": 180000, ""option_type"": ""PE"", ""strike_price"": 375, ""oich"": 180000}, {""ask"": 0, ""bid"": 0, ""oi"": 317000, ""option_type"": ""CE"", ""strike_price"": 375, ""oich"": 317000}, {""ask"": 0, ""bid"": 0, ""oi"": 455000, ""option_type"": ""PE"", ""strike_price"": 370, ""oich"": 455000}, {""ask"": 0, ""bid"": 0, ""oi"": 403000, ""option_type"": ""CE"", ""strike_price"": 365, ""oich"": 403000}, {""ask"": 0, ""bid"": 0, ""oi"": 903000, ""option_type"": ""CE"", ""strike_price"": 355, ""oich"": 903000}, {""ask"": 0, ""bid"": 0, ""oi"": 33000, ""option_type"": ""CE"", ""strike_price"": 430, ""oich"": 33000}, {""ask"": 0, ""bid"": 0, ""oi"": 1918000, ""option_type"": ""CE"", ""strike_price"": 400, ""oich"": 1918000}, {""ask"": 0, ""bid"": 0, ""oi"": 312000, ""option_type"": ""PE"", ""strike_price"": 390, ""oich"": 312000}]",8580000,2025-12-29
15036000,,,"[{""ask"": 0, ""bid"": 0, ""oi"": 2334000, ""option_type"": ""CE"", ""strike_price"": 360, ""oich"": 208000}, {""ask"": 0, ""bid"": 0, ""oi"": 2975000, ""option_type"": ""CE"", ""strike_price"": 350, ""oich"": 1764000}, {""ask"": 0, ""bid"": 0, ""oi"": 57000, ""option_type"": ""CE"", ""strike_price"": 325, ""oich"": 0}, {""ask"": 0, ""bid"": 0, ""oi"": 12000, ""option_type"": ""PE"", ""strike_price"": 395, ""oich"": 2000}, {""ask"": 0, ""bid"": 0, ""oi"": 1311000, ""option_type"": ""PE"", ""strike_price"": 355, ""oich"": 798000}, {""ask"": 0, ""bid"": 0, ""oi"": 1308000, ""option_type"": ""PE"", ""strike_price"": 340, ""oich"": 256000}, {""ask"": 0, ""bid"": 0, ""oi"": 68000, ""option_type"": ""CE"", ""strike_price"": 335, ""oich"": 4000}, {""ask"": 0, ""bid"": 0, ""oi"": 0, ""option_type"": ""CE"", ""strike_price"": 290, ""oich"": 0}, {""ask"": 0, ""bid"": 0, ""oi"": 7000, ""option_type"": ""CE"", ""strike_price"": 300, ""oich"": 2000}, {""ask"": 0, ""bid"": 0, ""oi"": 0, ""option_type"": ""CE"", ""strike_price"": 310, ""oich"": 0}, {""ask"": 0, ""bid"": 0, ""oi"": 2938000, ""option_type"": ""PE"", ""strike_price"": 350, ""oich"": 1857000}, {""ask"": 0, ""bid"": 0, ""oi"": 1224000, ""option_type"": ""CE"", ""strike_price"": 370, ""oich"": 198000}, {""ask"": 0, ""bid"": 0, ""oi"": 887000, ""option_type"": ""PE"", ""strike_price"": 430, ""oich"": 455000}, {""ask"": 0, ""bid"": 0, ""oi"": 260000, ""option_type"": ""PE"", ""strike_price"": 300, ""oich"": 26000}, {""ask"": 0, ""bid"": 0, ""oi"": 419000, ""option_type"": ""PE"", ""strike_price"": 390, ""oich"": 107000}, {""ask"": 0, ""bid"": 0, ""oi"": 1077000, ""option_type"": ""PE"", ""strike_price"": 400, ""oich"": 188000}, {""ask"": 0, ""bid"": 0, ""oi"": 8000, ""option_type"": ""CE"", ""strike_price"": 280, ""oich"": 8000}, {""ask"": 0, ""bid"": 0, ""oi"": 116000, ""option_type"": ""PE"", ""strike_price"": 325, ""oich"": 14000}, {""ask"": 0, ""bid"": 0, ""oi"": 53000, ""option_type"": ""PE"", ""strike_price"": 385, ""oich"": 33000}, {""ask"": 0, ""bid"": 0, ""oi"": 399000, ""option_type"": ""PE"", ""strike_price"": 345, ""oich"": 146000}, {""ask"": 0, ""bid"": 0, ""oi"": 893000, ""option_type"": ""CE"", ""strike_price"": 340, ""oich"": -2000}, {""ask"": 0, ""bid"": 0, ""oi"": 82000, ""option_type"": ""CE"", ""strike_price"": 430, ""oich"": 49000}, {""ask"": 0, ""bid"": 0, ""oi"": 1517000, ""option_type"": ""CE"", ""strike_price"": 355, ""oich"": 614000}, {""ask"": 0, ""bid"": 0, ""oi"": 490000, ""option_type"": ""CE"", ""strike_price"": 365, ""oich"": 87000}, {""ask"": 0, ""bid"": 0, ""oi"": 726000, ""option_type"": ""PE"", ""strike_price"": 370, ""oich"": 271000}, {""ask"": 0, ""bid"": 0, ""oi"": 397000, ""option_type"": ""CE"", ""strike_price"": 375, ""oich"": 80000}, {""ask"": 0, ""bid"": 0, ""oi"": 207000, ""option_type"": ""PE"", ""strike_price"": 375, ""oich"": 27000}, {""ask"": 0, ""bid"": 0, ""oi"": 80000, ""option_type"": ""PE"", ""strike_price"": 315, ""oich"": 2000}, {""ask"": 0, ""bid"": 0, ""oi"": 67000, ""option_type"": ""CE"", ""strike_price"": 320, ""oich"": 1000}, {""ask"": 0, ""bid"": 0, ""oi"": 17000, ""option_type"": ""PE"", ""strike_price"": 280, ""oich"": 8000}, {""ask"": 0, ""bid"": 0, ""oi"": 49000, ""option_type"": ""CE"", ""strike_price"": 450, ""oich"": 15000}, {""ask"": 0, ""bid"": 0, ""oi"": 230000, ""option_type"": ""PE"", ""strike_price"": 365, ""oich"": 102000}, {""ask"": 0, ""bid"": 0, ""oi"": 78000, ""option_type"": ""CE"", ""strike_price"": 420, ""oich"": 7000}, {""ask"": 0, ""bid"": 0, ""oi"": 0, ""option_type"": ""PE"", ""strike_price"": 295, ""oich"": 0}, {""ask"": 0, ""bid"": 0, ""oi"": 0, ""option_type"": ""CE"", ""strike_price"": 305, ""oich"": 0}, {""ask"": 0, ""bid"": 0, ""oi"": 6000, ""option_type"": ""PE"", ""strike_price"": 290, ""oich"": 0}, {""ask"": 0, ""bid"": 0, ""oi"": 159000, ""option_type"": ""PE"", ""strike_price"": 310, ""oich"": 33000}, {""ask"": 0, ""bid"": 0, ""oi"": 253000, ""option_type"": ""CE"", ""strike_price"": 345, ""oich"": 50000}, {""ask"": 0, ""bid"": 0, ""oi"": 1156000, ""option_type"": ""PE"", ""strike_price"": 360, ""oich"": 141000}, {""ask"": 0, ""bid"": 0, ""oi"": 704000, ""option_type"": ""PE"", ""strike_price"": 380, ""oich"": 288000}, {""ask"": 0, ""bid"": 0, ""oi"": 119000, ""option_type"": ""CE"", ""strike_price"": 395, ""oich"": 57000}, {""ask"": 0, ""bid"": 0, ""oi"": 338000, ""option_type"": ""PE"", ""strike_price"": 420, ""oich"": 99000}, {""ask"": 0, ""bid"": 0, ""oi"": 530000, ""option_type"": ""PE"", ""strike_price"": 330, ""oich"": 75000}, {""ask"": 0, ""bid"": 0, ""oi"": 225000, ""option_type"": ""PE"", ""strike_price"": 335, ""oich"": 29000}, {""ask"": 0, ""bid"": 0, ""oi"": 151000, ""option_type"": ""CE"", ""strike_price"": 385, ""oich"": 40000}, {""ask"": 0, ""bid"": 0, ""oi"": 435000, ""option_type"": ""CE"", ""strike_price"": 390, ""oich"": 50000}, {""ask"": 0, ""bid"": 0, ""oi"": 3000, ""option_type"": ""PE"", ""strike_price"": 405, ""oich"": 1000}, {""ask"": 0, ""bid"": 0, ""oi"": 2080000, ""option_type"": ""CE"", ""strike_price"": 400, ""oich"": 162000}, {""ask"": 0, ""bid"": 0, ""oi"": 1092000, ""option_type"": ""CE"", ""strike_price"": 380, ""oich"": 164000}, {""ask"": 0, ""bid"": 0, ""oi"": 141000, ""option_type"": ""CE"", ""strike_price"": 410, ""oich"": -8000}, {""ask"": 0, ""bid"": 0, ""oi"": 177000, ""option_type"": ""CE"", ""strike_price"": 405, ""oich"": 18000}, {""ask"": 0, ""bid"": 0, ""oi"": 340000, ""option_type"": ""CE"", ""strike_price"": 330, ""oich"": 62000}, {""ask"": 0, ""bid"": 0, ""oi"": 2000, ""option_type"": ""CE"", ""strike_price"": 315, ""oich"": 2000}, {""ask"": 0, ""bid"": 0, ""oi"": 12000, ""option_type"": ""PE"", ""strike_price"": 305, ""oich"": 0}, {""ask"": 0, ""bid"": 0, ""oi"": 384000, ""option_type"": ""PE"", ""strike_price"": 320, ""oich"": 145000}, {""ask"": 0, ""bid"": 0, ""oi"": 0, ""option_type"": ""CE"", ""strike_price"": 295, ""oich"": 0}, {""ask"": 0, ""bid"": 0, ""oi"": 210000, ""option_type"": ""PE"", ""strike_price"": 410, ""oich"": 84000}]",13767000,2025-12-30
18513000,,,"[{""ask"": 0, ""bid"": 0, ""oi"": 10000, ""option_type"": ""PE"", ""strike_price"": 280, ""oich"": -7000}, {""ask"": 0, ""bid"": 0, ""oi"": 56000, ""option_type"": ""CE"", ""strike_price"": 450, ""oich"": 7000}, {""ask"": 0, ""bid"": 0, ""oi"": 3000, ""option_type"": ""CE"", ""strike_price"": 372, ""oich"": 3000}, {""ask"": 0, ""bid"": 0, ""oi"": 288000, ""option_type"": ""PE"", ""strike_price"": 365, ""oich"": 58000}, {""ask"": 0, ""bid"": 0, ""oi"": 0, ""option_type"": ""PE"", ""strike_price"": 337, ""oich"": 0}, {""ask"": 0, ""bid"": 0, ""oi"": 346000, ""option_type"": ""PE"", ""strike_price"": 300, ""oich"": 86000}, {""ask"": 0, ""bid"": 0, ""oi"": 7000, ""option_type"": ""CE"", ""strike_price"": 300, ""oich"": 0}, {""ask"": 0, ""bid"": 0, ""oi"": 0, ""option_type"": ""CE"", ""strike_price"": 310, ""oich"": 0}, {""ask"": 0, ""bid"": 0, ""oi"": 880000, ""option_type"": ""PE"", ""strike_price"": 430, ""oich"": -7000}, {""ask"": 0, ""bid"": 0, ""oi"": 1624000, ""option_type"": ""CE"", ""strike_price"": 370, ""oich"": 400000}, {""ask"": 0, ""bid"": 0, ""oi"": 8000, ""option_type"": ""CE"", ""strike_price"": 367, ""oich"": 8000}, {""ask"": 0, ""bid"": 0, ""oi"": 158000, ""option_type"": ""PE"", ""strike_price"": 352, ""oich"": 158000}, {""ask"": 0, ""bid"": 0, ""oi"": 3163000, ""option_type"": ""PE"", ""strike_price"": 350, ""oich"": 225000}, {""ask"": 0, ""bid"": 0, ""oi"": 565000, ""option_type"": ""CE"", ""strike_price"": 390, ""oich"": 130000}, {""ask"": 0, ""bid"": 0, ""oi"": 697000, ""option_type"": ""PE"", ""strike_price"": 330, ""oich"": 167000}, {""ask"": 0, ""bid"": 0, ""oi"": 0, ""option_type"": ""PE"", ""strike_price"": 372, ""oich"": 0}, {""ask"": 0, ""bid"": 0, ""oi"": 245000, ""option_type"": ""PE"", ""strike_price"": 335, ""oich"": 20000}, {""ask"": 0, ""bid"": 0, ""oi"": 198000, ""option_type"": ""CE"", ""strike_price"": 385, ""oich"": 47000}, {""ask"": 0, ""bid"": 0, ""oi"": 3000, ""option_type"": ""PE"", ""strike_price"": 405, ""oich"": 0}, {""ask"": 0, ""bid"": 0, ""oi"": 0, ""option_type"": ""CE"", ""strike_price"": 337, ""oich"": 0}, {""ask"": 0, ""bid"": 0, ""oi"": 8000, ""option_type"": ""CE"", ""strike_price"": 280, ""oich"": 0}, {""ask"": 0, ""bid"": 0, ""oi"": 1106000, ""option_type"": ""PE"", ""strike_price"": 400, ""oich"": 29000}, {""ask"": 0, ""bid"": 0, ""oi"": 0, ""option_type"": ""PE"", ""strike_price"": 377, ""oich"": 0}, {""ask"": 0, ""bid"": 0, ""oi"": 85000, ""option_type"": ""CE"", ""strike_price"": 420, ""oich"": 7000}, {""ask"": 0, ""bid"": 0, ""oi"": 238000, ""option_type"": ""CE"", ""strike_price"": 410, ""oich"": 97000}, {""ask"": 0, ""bid"": 0, ""oi"": 0, ""option_type"": ""CE"", ""strike_price"": 327, ""oich"": 0}, {""ask"": 0, ""bid"": 0, ""oi"": 0, ""option_type"": ""CE"", ""strike_price"": 322, ""oich"": 0}, {""ask"": 0, ""bid"": 0, ""oi"": 167000, ""option_type"": ""CE"", ""strike_price"": 405, ""oich"": -10000}, {""ask"": 0, ""bid"": 0, ""oi"": 328000, ""option_type"": ""CE"", ""strike_price"": 330, ""oich"": -12000}, {""ask"": 0, ""bid"": 0, ""oi"": 2000, ""option_type"": ""CE"", ""strike_price"": 315, ""oich"": 0}, {""ask"": 0, ""bid"": 0, ""oi"": 12000, ""option_type"": ""PE"", ""strike_price"": 305, ""oich"": 0}, {""ask"": 0, ""bid"": 0, ""oi"": 422000, ""option_type"": ""PE"", ""strike_price"": 390, ""oich"": 3000}, {""ask"": 0, ""bid"": 0, ""oi"": 120000, ""option_type"": ""CE"", ""strike_price"": 357, ""oich"": 120000}, {""ask"": 0, ""bid"": 0, ""oi"": 0, ""option_type"": ""CE"", ""strike_price"": 332, ""oich"": 0}, {""ask"": 0, ""bid"": 0, ""oi"": 0, ""option_type"": ""CE"", ""strike_price"": 290, ""oich"": 0}, {""ask"": 0, ""bid"": 0, ""oi"": 68000, ""option_type"": ""CE"", ""strike_price"": 335, ""oich"": 0}, {""ask"": 0, ""bid"": 0, ""oi"": 1286000, ""option_type"": ""PE"", ""strike_price"": 340, ""oich"": -22000}, {""ask"": 0, ""bid"": 0, ""oi"": 12000, ""option_type"": ""PE"", ""strike_price"": 395, ""oich"": 0}, {""ask"": 0, ""bid"": 0, ""oi"": 1000, ""option_type"": ""PE"", ""strike_price"": 367, ""oich"": 1000}, {""ask"": 0, ""bid"": 0, ""oi"": 1579000, ""option_type"": ""PE"", ""strike_price"": 355, ""oich"": 268000}, {""ask"": 0, ""bid"": 0, ""oi"": 28000, ""option_type"": ""PE"", ""strike_price"": 342, ""oich"": 28000}, {""ask"": 0, ""bid"": 0, ""oi"": 0, ""option_type"": ""CE"", ""strike_price"": 342, ""oich"": 0}, {""ask"": 0, ""bid"": 0, ""oi"": 0, ""option_type"": ""PE"", ""strike_price"": 332, ""oich"": 0}, {""ask"": 0, ""bid"": 0, ""oi"": 29000, ""option_type"": ""CE"", ""strike_price"": 362, ""oich"": 29000}, {""ask"": 0, ""bid"": 0, ""oi"": 0, ""option_type"": ""PE"", ""strike_price"": 295, ""oich"": 0}, {""ask"": 0, ""bid"": 0, ""oi"": 0, ""option_type"": ""CE"", ""strike_price"": 305, ""oich"": 0}, {""ask"": 0, ""bid"": 0, ""oi"": 42000, ""option_type"": ""PE"", ""strike_price"": 347, ""oich"": 42000}, {""ask"": 0, ""bid"": 0, ""oi"": 1706000, ""option_type"": ""CE"", ""strike_price"": 355, ""oich"": 189000}, {""ask"": 0, ""bid"": 0, ""oi"": 690000, ""option_type"": ""CE"", ""strike_price"": 365, ""oich"": 200000}, {""ask"": 0, ""bid"": 0, ""oi"": 737000, ""option_type"": ""PE"", ""strike_price"": 370, ""oich"": 11000}, {""ask"": 0, ""bid"": 0, ""oi"": 459000, ""option_type"": ""CE"", ""strike_price"": 375, ""oich"": 62000}, {""ask"": 0, ""bid"": 0, ""oi"": 207000, ""option_type"": ""PE"", ""strike_price"": 375, ""oich"": 0}, {""ask"": 0, ""bid"": 0, ""oi"": 1220000, ""option_type"": ""CE"", ""strike_price"": 380, ""oich"": 128000}, {""ask"": 0, ""bid"": 0, ""oi"": 2830000, ""option_type"": ""CE"", ""strike_price"": 400, ""oich"": 750000}, {""ask"": 0, ""bid"": 0, ""oi"": 138000, ""option_type"": ""CE"", ""strike_price"": 430, ""oich"": 56000}, {""ask"": 0, ""bid"": 0, ""oi"": 0, ""option_type"": ""PE"", ""strike_price"": 322, ""oich"": 0}, {""ask"": 0, ""bid"": 0, ""oi"": 0, ""option_type"": ""CE"", ""strike_price"": 347, ""oich"": 0}, {""ask"": 0, ""bid"": 0, ""oi"": 3009000, ""option_type"": ""CE"", ""strike_price"": 350, ""oich"": 34000}, {""ask"": 0, ""bid"": 0, ""oi"": 113000, ""option_type"": ""PE"", ""strike_price"": 357, ""oich"": 113000}, {""ask"": 0, ""bid"": 0, ""oi"": 3476000, ""option_type"": ""CE"", ""strike_price"": 360, ""oich"": 1142000}, {""ask"": 0, ""bid"": 0, ""oi"": 196000, ""option_type"": ""PE"", ""strike_price"": 410, ""oich"": -14000}, {""ask"": 0, ""bid"": 0, ""oi"": 0, ""option_type"": ""CE"", ""strike_price"": 295, ""oich"": 0}, {""ask"": 0, ""bid"": 0, ""oi"": 698000, ""option_type"": ""PE"", ""strike_price"": 320, ""oich"": 314000}, {""ask"": 0, ""bid"": 0, ""oi"": 57000, ""option_type"": ""CE"", ""strike_price"": 325, ""oich"": 0}, {""ask"": 0, ""bid"": 0, ""oi"": 66000, ""option_type"": ""CE"", ""strike_price"": 320, ""oich"": -1000}, {""ask"": 0, ""bid"": 0, ""oi"": 249000, ""option_type"": ""CE"", ""strike_price"": 345, ""oich"": -4000}, {""ask"": 0, ""bid"": 0, ""oi"": 1335000, ""option_type"": ""PE"", ""strike_price"": 360, ""oich"": 179000}, {""ask"": 0, ""bid"": 0, ""oi"": 3000, ""option_type"": ""PE"", ""strike_price"": 362, ""oich"": 3000}, {""ask"": 0, ""bid"": 0, ""oi"": 698000, ""option_type"": ""PE"", ""strike_price"": 380, ""oich"": -6000}, {""ask"": 0, ""bid"": 0, ""oi"": 145000, ""option_type"": ""CE"", ""strike_price"": 395, ""oich"": 26000}, {""ask"": 0, ""bid"": 0, ""oi"": 314000, ""option_type"": ""PE"", ""strike_price"": 420, ""oich"": -24000}, {""ask"": 0, ""bid"": 0, ""oi"": 119000, ""option_type"": ""PE"", ""strike_price"": 325, ""oich"": 3000}, {""ask"": 0, ""bid"": 0, ""oi"": 0, ""option_type"": ""PE"", ""strike_price"": 327, ""oich"": 0}, {""ask"": 0, ""bid"": 0, ""oi"": 894000, ""option_type"": ""CE"", ""strike_price"": 340, ""oich"": 1000}, {""ask"": 0, ""bid"": 0, ""oi"": 407000, ""option_type"": ""PE"", ""strike_price"": 345, ""oich"": 8000}, {""ask"": 0, ""bid"": 0, ""oi"": 68000, ""option_type"": ""CE"", ""strike_price"": 352, ""oich"": 68000}, {""ask"": 0, ""bid"": 0, ""oi"": 0, ""option_type"": ""CE"", ""strike_price"": 377, ""oich"": 0}, {""ask"": 0, ""bid"": 0, ""oi"": 53000, ""option_type"": ""PE"", ""strike_price"": 385, ""oich"": 0}, {""ask"": 0, ""bid"": 0, ""oi"": 104000, ""option_type"": ""PE"", ""strike_price"": 315, ""oich"": 24000}, {""ask"": 0, ""bid"": 0, ""oi"": 146000, ""option_type"": ""PE"", ""strike_price"": 310, ""oich"": -13000}, {""ask"": 0, ""bid"": 0, ""oi"": 6000, ""option_type"": ""PE"", ""strike_price"": 290, ""oich"": 0}]",15414000,2025-12-31
21353000,,,"[{""ask"": 0, ""bid"": 0, ""oi"": 2000, ""option_type"": ""CE"", ""strike_price"": 315, ""oich"": 0}, {""ask"": 0, ""bid"": 0, ""oi"": 12000, ""option_type"": ""PE"", ""strike_price"": 305, ""oich"": 0}, {""ask"": 0, ""bid"": 0, ""oi"": 223000, ""option_type"": ""CE"", ""strike_price"": 405, ""oich"": 56000}, {""ask"": 0, ""bid"": 0, ""oi"": 1000, ""option_type"": ""PE"", ""strike_price"": 382, ""oich"": 1000}, {""ask"": 0, ""bid"": 0, ""oi"": 6000, ""option_type"": ""PE"", ""strike_price"": 372, ""oich"": 6000}, {""ask"": 0, ""bid"": 0, ""oi"": 227000, ""option_type"": ""PE"", ""strike_price"": 335, ""oich"": -18000}, {""ask"": 0, ""bid"": 0, ""oi"": 713000, ""option_type"": ""PE"", ""strike_price"": 330, ""oich"": 16000}, {""ask"": 0, ""bid"": 0, ""oi"": 3000, ""option_type"": ""PE"", ""strike_price"": 405, ""oich"": 0}, {""ask"": 0, ""bid"": 0, ""oi"": 760000, ""option_type"": ""CE"", ""strike_price"": 390, ""oich"": 195000}, {""ask"": 0, ""bid"": 0, ""oi"": 250000, ""option_type"": ""CE"", ""strike_price"": 385, ""oich"": 52000}, {""ask"": 0, ""bid"": 0, ""oi"": 0, ""option_type"": ""CE"", ""strike_price"": 305, ""oich"": 0}, {""ask"": 0, ""bid"": 0, ""oi"": 0, ""option_type"": ""PE"", ""strike_price"": 332, ""oich"": 0}, {""ask"": 0, ""bid"": 0, ""oi"": 304000, ""option_type"": ""CE"", ""strike_price"": 362, ""oich"": 275000}, {""ask"": 0, ""bid"": 0, ""oi"": 1102000, ""option_type"": ""PE"", ""strike_price"": 400, ""oich"": -4000}, {""ask"": 0, ""bid"": 0, ""oi"": 0, ""option_type"": ""CE"", ""strike_price"": 337, ""oich"": 0}, {""ask"": 0, ""bid"": 0, ""oi"": 8000, ""option_type"": ""CE"", ""strike_price"": 280, ""oich"": 0}, {""ask"": 0, ""bid"": 0, ""oi"": 403000, ""option_type"": ""CE"", ""strike_price"": 410, ""oich"": 165000}, {""ask"": 0, ""bid"": 0, ""oi"": 55000, ""option_type"": ""CE"", ""strike_price"": 450, ""oich"": -1000}, {""ask"": 0, ""bid"": 0, ""oi"": 149000, ""option_type"": ""CE"", ""strike_price"": 395, ""oich"": 4000}, {""ask"": 0, ""bid"": 0, ""oi"": 769000, ""option_type"": ""PE"", ""strike_price"": 380, ""oich"": 71000}, {""ask"": 0, ""bid"": 0, ""oi"": 94000, ""option_type"": ""PE"", ""strike_price"": 362, ""oich"": 91000}, {""ask"": 0, ""bid"": 0, ""oi"": 1725000, ""option_type"": ""PE"", ""strike_price"": 360, ""oich"": 390000}, {""ask"": 0, ""bid"": 0, ""oi"": 226000, ""option_type"": ""CE"", ""strike_price"": 345, ""oich"": -23000}, {""ask"": 0, ""bid"": 0, ""oi"": 61000, ""option_type"": ""CE"", ""strike_price"": 320, ""oich"": -5000}, {""ask"": 0, ""bid"": 0, ""oi"": 101000, ""option_type"": ""PE"", ""strike_price"": 315, ""oich"": -3000}, {""ask"": 0, ""bid"": 0, ""oi"": 126000, ""option_type"": ""PE"", ""strike_price"": 310, ""oich"": -20000}, {""ask"": 0, ""bid"": 0, ""oi"": 6000, ""option_type"": ""PE"", ""strike_price"": 290, ""oich"": 0}, {""ask"": 0, ""bid"": 0, ""oi"": 10000, ""option_type"": ""PE"", ""strike_price"": 280, ""oich"": 0}, {""ask"": 0, ""bid"": 0, ""oi"": 317000, ""option_type"": ""PE"", ""strike_price"": 420, ""oich"": 3000}, {""ask"": 0, ""bid"": 0, ""oi"": 749000, ""option_type"": ""PE"", ""strike_price"": 320, ""oich"": 51000}, {""ask"": 0, ""bid"": 0, ""oi"": 195000, ""option_type"": ""PE"", ""strike_price"": 410, ""oich"": -1000}, {""ask"": 0, ""bid"": 0, ""oi"": 3478000, ""option_type"": ""CE"", ""strike_price"": 360, ""oich"": 2000}, {""ask"": 0, ""bid"": 0, ""oi"": 164000, ""option_type"": ""PE"", ""strike_price"": 357, ""oich"": 51000}, {""ask"": 0, ""bid"": 0, ""oi"": 2882000, ""option_type"": ""CE"", ""strike_price"": 350, ""oich"": -127000}, {""ask"": 0, ""bid"": 0, ""oi"": 3000, ""option_type"": ""CE"", ""strike_price"": 347, ""oich"": 3000}, {""ask"": 0, ""bid"": 0, ""oi"": 57000, ""option_type"": ""CE"", ""strike_price"": 325, ""oich"": 0}, {""ask"": 0, ""bid"": 0, ""oi"": 895000, ""option_type"": ""CE"", ""strike_price"": 340, ""oich"": 1000}, {""ask"": 0, ""bid"": 0, ""oi"": 427000, ""option_type"": ""PE"", ""strike_price"": 345, ""oich"": 20000}, {""ask"": 0, ""bid"": 0, ""oi"": 74000, ""option_type"": ""CE"", ""strike_price"": 352, ""oich"": 6000}, {""ask"": 0, ""bid"": 0, ""oi"": 0, ""option_type"": ""CE"", ""strike_price"": 377, ""oich"": 0}, {""ask"": 0, ""bid"": 0, ""oi"": 53000, ""option_type"": ""PE"", ""strike_price"": 385, ""oich"": 0}, {""ask"": 0, ""bid"": 0, ""oi"": 118000, ""option_type"": ""PE"", ""strike_price"": 325, ""oich"": -1000}, {""ask"": 0, ""bid"": 0, ""oi"": 0, ""option_type"": ""PE"", ""strike_price"": 327, ""oich"": 0}, {""ask"": 0, ""bid"": 0, ""oi"": 423000, ""option_type"": ""PE"", ""strike_price"": 390, ""oich"": 1000}, {""ask"": 0, ""bid"": 0, ""oi"": 93000, ""option_type"": ""CE"", ""strike_price"": 357, ""oich"": -27000}, {""ask"": 0, ""bid"": 0, ""oi"": 0, ""option_type"": ""CE"", ""strike_price"": 332, ""oich"": 0}, {""ask"": 0, ""bid"": 0, ""oi"": 27000, ""option_type"": ""PE"", ""strike_price"": 342, ""oich"": -1000}, {""ask"": 0, ""bid"": 0, ""oi"": 2000, ""option_type"": ""CE"", ""strike_price"": 342, ""oich"": 2000}, {""ask"": 0, ""bid"": 0, ""oi"": 1276000, ""option_type"": ""PE"", ""strike_price"": 340, ""oich"": -10000}, {""ask"": 0, ""bid"": 0, ""oi"": 70000, ""option_type"": ""CE"", ""strike_price"": 335, ""oich"": 2000}, {""ask"": 0, ""bid"": 0, ""oi"": 1566000, ""option_type"": ""PE"", ""strike_price"": 355, ""oich"": -13000}, {""ask"": 0, ""bid"": 0, ""oi"": 31000, ""option_type"": ""PE"", ""strike_price"": 367, ""oich"": 30000}, {""ask"": 0, ""bid"": 0, ""oi"": 12000, ""option_type"": ""PE"", ""strike_price"": 395, ""oich"": 0}, {""ask"": 0, ""bid"": 0, ""oi"": 145000, ""option_type"": ""CE"", ""strike_price"": 430, ""oich"": 7000}, {""ask"": 0, ""bid"": 0, ""oi"": 3589000, ""option_type"": ""CE"", ""strike_price"": 400, ""oich"": 759000}, {""ask"": 0, ""bid"": 0, ""oi"": 1754000, ""option_type"": ""CE"", ""strike_price"": 380, ""oich"": 534000}, {""ask"": 0, ""bid"": 0, ""oi"": 209000, ""option_type"": ""PE"", ""strike_price"": 375, ""oich"": 2000}, {""ask"": 0, ""bid"": 0, ""oi"": 607000, ""option_type"": ""CE"", ""strike_price"": 375, ""oich"": 148000}, {""ask"": 0, ""bid"": 0, ""oi"": 737000, ""option_type"": ""PE"", ""strike_price"": 370, ""oich"": 0}, {""ask"": 0, ""bid"": 0, ""oi"": 998000, ""option_type"": ""CE"", ""strike_price"": 365, ""oich"": 308000}, {""ask"": 0, ""bid"": 0, ""oi"": 1671000, ""option_type"": ""CE"", ""strike_price"": 355, ""oich"": -35000}, {""ask"": 0, ""bid"": 0, ""oi"": 52000, ""option_type"": ""PE"", ""strike_price"": 347, ""oich"": 10000}, {""ask"": 0, ""bid"": 0, ""oi"": 467000, ""option_type"": ""PE"", ""strike_price"": 365, ""oich"": 179000}, {""ask"": 0, ""bid"": 0, ""oi"": 51000, ""option_type"": ""CE"", ""strike_price"": 372, ""oich"": 48000}, {""ask"": 0, ""bid"": 0, ""oi"": 0, ""option_type"": ""PE"", ""strike_price"": 377, ""oich"": 0}, {""ask"": 0, ""bid"": 0, ""oi"": 100000, ""option_type"": ""CE"", ""strike_price"": 420, ""oich"": 15000}, {""ask"": 0, ""bid"": 0, ""oi"": 880000, ""option_type"": ""PE"", ""strike_price"": 430, ""oich"": 0}, {""ask"": 0, ""bid"": 0, ""oi"": 0, ""option_type"": ""CE"", ""strike_price"": 382, ""oich"": 0}, {""ask"": 0, ""bid"": 0, ""oi"": 2044000, ""option_type"": ""CE"", ""strike_price"": 370, ""oich"": 420000}, {""ask"": 0, ""bid"": 0, ""oi"": 113000, ""option_type"": ""CE"", ""strike_price"": 367, ""oich"": 105000}, {""ask"": 0, ""bid"": 0, ""oi"": 209000, ""option_type"": ""PE"", ""strike_price"": 352, ""oich"": 51000}, {""ask"": 0, ""bid"": 0, ""oi"": 3425000, ""option_type"": ""PE"", ""strike_price"": 350, ""oich"": 262000}, {""ask"": 0, ""bid"": 0, ""oi"": 0, ""option_type"": ""PE"", ""strike_price"": 337, ""oich"": 0}, {""ask"": 0, ""bid"": 0, ""oi"": 0, ""option_type"": ""CE"", ""strike_price"": 310, ""oich"": 0}, {""ask"": 0, ""bid"": 0, ""oi"": 344000, ""option_type"": ""PE"", ""strike_price"": 300, ""oich"": -2000}, {""ask"": 0, ""bid"": 0, ""oi"": 16000, ""option_type"": ""CE"", ""strike_price"": 300, ""oich"": 9000}, {""ask"": 0, ""bid"": 0, ""oi"": 270000, ""option_type"": ""CE"", ""strike_price"": 330, ""oich"": -58000}, {""ask"": 0, ""bid"": 0, ""oi"": 0, ""option_type"": ""CE"", ""strike_price"": 327, ""oich"": 0}]",16576000,2026-01-01
25347000,,,"[{""ask"": 0, ""bid"": 0, ""oi"": 123000, ""option_type"": ""PE"", ""strike_price"": 385, ""oich"": 70000}, {""ask"": 0, ""bid"": 0, ""oi"": 507000, ""option_type"": ""CE"", ""strike_price"": 430, ""oich"": 362000}, {""ask"": 0, ""bid"": 0, ""oi"": 5278000, ""option_type"": ""CE"", ""strike_price"": 400, ""oich"": 1689000}, {""ask"": 0, ""bid"": 0, ""oi"": 7000, ""option_type"": ""PE"", ""strike_price"": 392, ""oich"": 7000}, {""ask"": 0, ""bid"": 0, ""oi"": 2410000, ""option_type"": ""CE"", ""strike_price"": 380, ""oich"": 656000}, {""ask"": 0, ""bid"": 0, ""oi"": 919000, ""option_type"": ""PE"", ""strike_price"": 375, ""oich"": 710000}, {""ask"": 0, ""bid"": 0, ""oi"": 975000, ""option_type"": ""CE"", ""strike_price"": 375, ""oich"": 368000}, {""ask"": 0, ""bid"": 0, ""oi"": 1488000, ""option_type"": ""PE"", ""strike_price"": 370, ""oich"": 751000}, {""ask"": 0, ""bid"": 0, ""oi"": 424000, ""option_type"": ""CE"", ""strike_price"": 365, ""oich"": -574000}, {""ask"": 0, ""bid"": 0, ""oi"": 1482000, ""option_type"": ""CE"", ""strike_price"": 355, ""oich"": -189000}, {""ask"": 0, ""bid"": 0, ""oi"": 61000, ""option_type"": ""PE"", ""strike_price"": 347, ""oich"": 9000}, {""ask"": 0, ""bid"": 0, ""oi"": 70000, ""option_type"": ""CE"", ""strike_price"": 335, ""oich"": 0}, {""ask"": 0, ""bid"": 0, ""oi"": 1659000, ""option_type"": ""PE"", ""strike_price"": 355, ""oich"": 93000}, {""ask"": 0, ""bid"": 0, ""oi"": 258000, ""option_type"": ""PE"", ""strike_price"": 367, ""oich"": 227000}, {""ask"": 0, ""bid"": 0, ""oi"": 12000, ""option_type"": ""PE"", ""strike_price"": 395, ""oich"": 0}, {""ask"": 0, ""bid"": 0, ""oi"": 1335000, ""option_type"": ""PE"", ""strike_price"": 340, ""oich"": 59000}, {""ask"": 0, ""bid"": 0, ""oi"": 2000, ""option_type"": ""CE"", ""strike_price"": 342, ""oich"": 0}, {""ask"": 0, ""bid"": 0, ""oi"": 16000, ""option_type"": ""PE"", ""strike_price"": 342, ""oich"": -11000}, {""ask"": 0, ""bid"": 0, ""oi"": 101000, ""option_type"": ""PE"", ""strike_price"": 315, ""oich"": 0}, {""ask"": 0, ""bid"": 0, ""oi"": 52000, ""option_type"": ""CE"", ""strike_price"": 320, ""oich"": -9000}, {""ask"": 0, ""bid"": 0, ""oi"": 221000, ""option_type"": ""CE"", ""strike_price"": 345, ""oich"": -5000}, {""ask"": 0, ""bid"": 0, ""oi"": 1850000, ""option_type"": ""PE"", ""strike_price"": 360, ""oich"": 125000}, {""ask"": 0, ""bid"": 0, ""oi"": 195000, ""option_type"": ""PE"", ""strike_price"": 362, ""oich"": 101000}, {""ask"": 0, ""bid"": 0, ""oi"": 1101000, ""option_type"": ""PE"", ""strike_price"": 380, ""oich"": 332000}, {""ask"": 0, ""bid"": 0, ""oi"": 483000, ""option_type"": ""CE"", ""strike_price"": 395, ""oich"": 334000}, {""ask"": 0, ""bid"": 0, ""oi"": 313000, ""option_type"": ""PE"", ""strike_price"": 420, ""oich"": -4000}, {""ask"": 0, ""bid"": 0, ""oi"": 195000, ""option_type"": ""CE"", ""strike_price"": 450, ""oich"": 140000}, {""ask"": 0, ""bid"": 0, ""oi"": 4000, ""option_type"": ""PE"", ""strike_price"": 290, ""oich"": -2000}, {""ask"": 0, ""bid"": 0, ""oi"": 8000, ""option_type"": ""PE"", ""strike_price"": 280, ""oich"": -2000}, {""ask"": 0, ""bid"": 0, ""oi"": 110000, ""option_type"": ""PE"", ""strike_price"": 310, ""oich"": -16000}, {""ask"": 0, ""bid"": 0, ""oi"": 0, ""option_type"": ""CE"", ""strike_price"": 332, ""oich"": 0}, {""ask"": 0, ""bid"": 0, ""oi"": 60000, ""option_type"": ""CE"", ""strike_price"": 357, ""oich"": -33000}, {""ask"": 0, ""bid"": 0, ""oi"": 426000, ""option_type"": ""PE"", ""strike_price"": 390, ""oich"": 3000}, {""ask"": 0, ""bid"": 0, ""oi"": 139000, ""option_type"": ""PE"", ""strike_price"": 377, ""oich"": 139000}, {""ask"": 0, ""bid"": 0, ""oi"": 117000, ""option_type"": ""CE"", ""strike_price"": 372, ""oich"": 66000}, {""ask"": 0, ""bid"": 0, ""oi"": 581000, ""option_type"": ""PE"", ""strike_price"": 365, ""oich"": 114000}, {""ask"": 0, ""bid"": 0, ""oi"": 0, ""option_type"": ""PE"", ""strike_price"": 415, ""oich"": 0}, {""ask"": 0, ""bid"": 0, ""oi"": 647000, ""option_type"": ""CE"", ""strike_price"": 420, ""oich"": 547000}, {""ask"": 0, ""bid"": 0, ""oi"": 106000, ""option_type"": ""CE"", ""strike_price"": 387, ""oich"": 106000}, {""ask"": 0, ""bid"": 0, ""oi"": 221000, ""option_type"": ""PE"", ""strike_price"": 352, ""oich"": 12000}, {""ask"": 0, ""bid"": 0, ""oi"": 3217000, ""option_type"": ""PE"", ""strike_price"": 350, ""oich"": -208000}, {""ask"": 0, ""bid"": 0, ""oi"": 0, ""option_type"": ""PE"", ""strike_price"": 337, ""oich"": 0}, {""ask"": 0, ""bid"": 0, ""oi"": 0, ""option_type"": ""CE"", ""strike_price"": 310, ""oich"": 0}, {""ask"": 0, ""bid"": 0, ""oi"": 354000, ""option_type"": ""PE"", ""strike_price"": 300, ""oich"": 10000}, {""ask"": 0, ""bid"": 0, ""oi"": 7000, ""option_type"": ""CE"", ""strike_price"": 300, ""oich"": -9000}, {""ask"": 0, ""bid"": 0, ""oi"": 1486000, ""option_type"": ""CE"", ""strike_price"": 370, ""oich"": -558000}, {""ask"": 0, ""bid"": 0, ""oi"": 867000, ""option_type"": ""PE"", ""strike_price"": 430, ""oich"": -13000}, {""ask"": 0, ""bid"": 0, ""oi"": 160000, ""option_type"": ""CE"", ""strike_price"": 382, ""oich"": 160000}, {""ask"": 0, ""bid"": 0, ""oi"": 109000, ""option_type"": ""CE"", ""strike_price"": 367, ""oich"": -4000}, {""ask"": 0, ""bid"": 0, ""oi"": 8000, ""option_type"": ""CE"", ""strike_price"": 280, ""oich"": 0}, {""ask"": 0, ""bid"": 0, ""oi"": 80000, ""option_type"": ""CE"", ""strike_price"": 392, ""oich"": 80000}, {""ask"": 0, ""bid"": 0, ""oi"": 1303000, ""option_type"": ""PE"", ""strike_price"": 400, ""oich"": 201000}, {""ask"": 0, ""bid"": 0, ""oi"": 0, ""option_type"": ""CE"", ""strike_price"": 337, ""oich"": 0}, {""ask"": 0, ""bid"": 0, ""oi"": 0, ""option_type"": ""CE"", ""strike_price"": 305, ""oich"": 0}, {""ask"": 0, ""bid"": 0, ""oi"": 0, ""option_type"": ""PE"", ""strike_price"": 332, ""oich"": 0}, {""ask"": 0, ""bid"": 0, ""oi"": 158000, ""option_type"": ""CE"", ""strike_price"": 362, ""oich"": -146000}, {""ask"": 0, ""bid"": 0, ""oi"": 0, ""option_type"": ""PE"", ""strike_price"": 387, ""oich"": 0}, {""ask"": 0, ""bid"": 0, ""oi"": 1462000, ""option_type"": ""CE"", ""strike_price"": 390, ""oich"": 702000}, {""ask"": 0, ""bid"": 0, ""oi"": 7000, ""option_type"": ""PE"", ""strike_price"": 405, ""oich"": 4000}, {""ask"": 0, ""bid"": 0, ""oi"": 790000, ""option_type"": ""PE"", ""strike_price"": 330, ""oich"": 77000}, {""ask"": 0, ""bid"": 0, ""oi"": 165000, ""option_type"": ""PE"", ""strike_price"": 335, ""oich"": -62000}, {""ask"": 0, ""bid"": 0, ""oi"": 153000, ""option_type"": ""PE"", ""strike_price"": 372, ""oich"": 147000}, {""ask"": 0, ""bid"": 0, ""oi"": 50000, ""option_type"": ""PE"", ""strike_price"": 382, ""oich"": 49000}, {""ask"": 0, ""bid"": 0, ""oi"": 614000, ""option_type"": ""CE"", ""strike_price"": 385, ""oich"": 364000}, {""ask"": 0, ""bid"": 0, ""oi"": 139000, ""option_type"": ""CE"", ""strike_price"": 415, ""oich"": 139000}, {""ask"": 0, ""bid"": 0, ""oi"": 176000, ""option_type"": ""PE"", ""strike_price"": 410, ""oich"": -19000}, {""ask"": 0, ""bid"": 0, ""oi"": 2492000, ""option_type"": ""CE"", ""strike_price"": 360, ""oich"": -986000}, {""ask"": 0, ""bid"": 0, ""oi"": 272000, ""option_type"": ""PE"", ""strike_price"": 357, ""oich"": 108000}, {""ask"": 0, ""bid"": 0, ""oi"": 2492000, ""option_type"": ""CE"", ""strike_price"": 350, ""oich"": -390000}, {""ask"": 0, ""bid"": 0, ""oi"": 8000, ""option_type"": ""CE"", ""strike_price"": 347, ""oich"": 5000}, {""ask"": 0, ""bid"": 0, ""oi"": 57000, ""option_type"": ""CE"", ""strike_price"": 325, ""oich"": 0}, {""ask"": 0, ""bid"": 0, ""oi"": 618000, ""option_type"": ""PE"", ""strike_price"": 320, ""oich"": -131000}, {""ask"": 0, ""bid"": 0, ""oi"": 1008000, ""option_type"": ""CE"", ""strike_price"": 410, ""oich"": 605000}, {""ask"": 0, ""bid"": 0, ""oi"": 12000, ""option_type"": ""PE"", ""strike_price"": 305, ""oich"": 0}, {""ask"": 0, ""bid"": 0, ""oi"": 2000, ""option_type"": ""CE"", ""strike_price"": 315, ""oich"": 0}, {""ask"": 0, ""bid"": 0, ""oi"": 0, ""option_type"": ""CE"", ""strike_price"": 327, ""oich"": 0}, {""ask"": 0, ""bid"": 0, ""oi"": 238000, ""option_type"": ""CE"", ""strike_price"": 330, ""oich"": -32000}, {""ask"": 0, ""bid"": 0, ""oi"": 408000, ""option_type"": ""CE"", ""strike_price"": 405, ""oich"": 185000}, {""ask"": 0, ""bid"": 0, ""oi"": 53000, ""option_type"": ""CE"", ""strike_price"": 352, ""oich"": -21000}, {""ask"": 0, ""bid"": 0, ""oi"": 372000, ""option_type"": ""PE"", ""strike_price"": 345, ""oich"": -55000}, {""ask"": 0, ""bid"": 0, ""oi"": 770000, ""option_type"": ""CE"", ""strike_price"": 340, ""oich"": -125000}, {""ask"": 0, ""bid"": 0, ""oi"": 0, ""option_type"": ""PE"", ""strike_price"": 327, ""oich"": 0}, {""ask"": 0, ""bid"": 0, ""oi"": 136000, ""option_type"": ""PE"", ""strike_price"": 325, ""oich"": 18000}, {""ask"": 0, ""bid"": 0, ""oi"": 567000, ""option_type"": ""CE"", ""strike_price"": 377, ""oich"": 567000}]",19419000,2026-01-02
26724000,,,"[{""ask"": 0, ""bid"": 0, ""oi"": 869000, ""option_type"": ""PE"", ""strike_price"": 430, ""oich"": 2000}, {""ask"": 0, ""bid"": 0, ""oi"": 198000, ""option_type"": ""PE"", ""strike_price"": 410, ""oich"": 22000}, {""ask"": 0, ""bid"": 0, ""oi"": 8000, ""option_type"": ""PE"", ""strike_price"": 280, ""oich"": 0}, {""ask"": 0, ""bid"": 0, ""oi"": 134000, ""option_type"": ""PE"", ""strike_price"": 325, ""oich"": -2000}, {""ask"": 0, ""bid"": 0, ""oi"": 0, ""option_type"": ""PE"", ""strike_price"": 327, ""oich"": 0}, {""ask"": 0, ""bid"": 0, ""oi"": 0, ""option_type"": ""PE"", ""strike_price"": 332, ""oich"": 0}, {""ask"": 0, ""bid"": 0, ""oi"": 6000, ""option_type"": ""CE"", ""strike_price"": 347, ""oich"": -2000}, {""ask"": 0, ""bid"": 0, ""oi"": 135000, ""option_type"": ""CE"", ""strike_price"": 362, ""oich"": -23000}, {""ask"": 0, ""bid"": 0, ""oi"": 636000, ""option_type"": ""CE"", ""strike_price"": 377, ""oich"": 69000}, {""ask"": 0, ""bid"": 0, ""oi"": 1134000, ""option_type"": ""PE"", ""strike_price"": 380, ""oich"": 33000}, {""ask"": 0, ""bid"": 0, ""oi"": 4000, ""option_type"": ""PE"", ""strike_price"": 387, ""oich"": 4000}, {""ask"": 0, ""bid"": 0, ""oi"": 0, ""option_type"": ""CE"", ""strike_price"": 397, ""oich"": 0}, {""ask"": 0, ""bid"": 0, ""oi"": 0, ""option_type"": ""PE"", ""strike_price"": 397, ""oich"": 0}, {""ask"": 0, ""bid"": 0, ""oi"": 5326000, ""option_type"": ""CE"", ""strike_price"": 400, ""oich"": 48000}, {""ask"": 0, ""bid"": 0, ""oi"": 52000, ""option_type"": ""CE"", ""strike_price"": 320, ""oich"": 0}, {""ask"": 0, ""bid"": 0, ""oi"": 305000, ""option_type"": ""PE"", ""strike_price"": 420, ""oich"": -8000}, {""ask"": 0, ""bid"": 0, ""oi"": 433000, ""option_type"": ""PE"", ""strike_price"": 390, ""oich"": 7000}, {""ask"": 0, ""bid"": 0, ""oi"": 253000, ""option_type"": ""CE"", ""strike_price"": 450, ""oich"": 58000}, {""ask"": 0, ""bid"": 0, ""oi"": 75000, ""option_type"": ""PE"", ""strike_price"": 347, ""oich"": 14000}, {""ask"": 0, ""bid"": 0, ""oi"": 496000, ""option_type"": ""CE"", ""strike_price"": 430, ""oich"": -11000}, {""ask"": 0, ""bid"": 0, ""oi"": 0, ""option_type"": ""PE"", ""strike_price"": 402, ""oich"": 0}, {""ask"": 0, ""bid"": 0, ""oi"": 2000, ""option_type"": ""CE"", ""strike_price"": 342, ""oich"": 0}, {""ask"": 0, ""bid"": 0, ""oi"": 1175000, ""option_type"": ""CE"", ""strike_price"": 375, ""oich"": 200000}, {""ask"": 0, ""bid"": 0, ""oi"": 16000, ""option_type"": ""PE"", ""strike_price"": 342, ""oich"": 0}, {""ask"": 0, ""bid"": 0, ""oi"": 608000, ""option_type"": ""PE"", ""strike_price"": 320, ""oich"": -10000}, {""ask"": 0, ""bid"": 0, ""oi"": 2000, ""option_type"": ""CE"", ""strike_price"": 315, ""oich"": 0}, {""ask"": 0, ""bid"": 0, ""oi"": 12000, ""option_type"": ""PE"", ""strike_price"": 305, ""oich"": 0}, {""ask"": 0, ""bid"": 0, ""oi"": 243000, ""option_type"": ""PE"", ""strike_price"": 352, ""oich"": 22000}, {""ask"": 0, ""bid"": 0, ""oi"": 257000, ""option_type"": ""PE"", ""strike_price"": 367, ""oich"": -1000}, {""ask"": 0, ""bid"": 0, ""oi"": 225000, ""option_type"": ""PE"", ""strike_price"": 372, ""oich"": 72000}, {""ask"": 0, ""bid"": 0, ""oi"": 764000, ""option_type"": ""CE"", ""strike_price"": 385, ""oich"": 150000}, {""ask"": 0, ""bid"": 0, ""oi"": 249000, ""option_type"": ""PE"", ""strike_price"": 357, ""oich"": -23000}, {""ask"": 0, ""bid"": 0, ""oi"": 4000, ""option_type"": ""PE"", ""strike_price"": 290, ""oich"": 0}, {""ask"": 0, ""bid"": 0, ""oi"": 0, ""option_type"": ""CE"", ""strike_price"": 337, ""oich"": 0}, {""ask"": 0, ""bid"": 0, ""oi"": 7000, ""option_type"": ""PE"", ""strike_price"": 392, ""oich"": 0}, {""ask"": 0, ""bid"": 0, ""oi"": 0, ""option_type"": ""CE"", ""strike_price"": 425, ""oich"": 0}, {""ask"": 0, ""bid"": 0, ""oi"": 381000, ""option_type"": ""PE"", ""strike_price"": 345, ""oich"": 9000}, {""ask"": 0, ""bid"": 0, ""oi"": 70000, ""option_type"": ""CE"", ""strike_price"": 335, ""oich"": 0}, {""ask"": 0, ""bid"": 0, ""oi"": 0, ""option_type"": ""CE"", ""strike_price"": 310, ""oich"": 0}, {""ask"": 0, ""bid"": 0, ""oi"": 1399000, ""option_type"": ""PE"", ""strike_price"": 400, ""oich"": 96000}, {""ask"": 0, ""bid"": 0, ""oi"": 7000, ""option_type"": ""CE"", ""strike_price"": 300, ""oich"": 0}, {""ask"": 0, ""bid"": 0, ""oi"": 373000, ""option_type"": ""PE"", ""strike_price"": 300, ""oich"": 19000}, {""ask"": 0, ""bid"": 0, ""oi"": 53000, ""option_type"": ""CE"", ""strike_price"": 352, ""oich"": 0}, {""ask"": 0, ""bid"": 0, ""oi"": 383000, ""option_type"": ""CE"", ""strike_price"": 365, ""oich"": -41000}, {""ask"": 0, ""bid"": 0, ""oi"": 127000, ""option_type"": ""PE"", ""strike_price"": 385, ""oich"": 4000}, {""ask"": 0, ""bid"": 0, ""oi"": 223000, ""option_type"": ""CE"", ""strike_price"": 387, ""oich"": 117000}, {""ask"": 0, ""bid"": 0, ""oi"": 8000, ""option_type"": ""PE"", ""strike_price"": 405, ""oich"": 1000}, {""ask"": 0, ""bid"": 0, ""oi"": 432000, ""option_type"": ""CE"", ""strike_price"": 405, ""oich"": 24000}, {""ask"": 0, ""bid"": 0, ""oi"": 1518000, ""option_type"": ""CE"", ""strike_price"": 370, ""oich"": 32000}, {""ask"": 0, ""bid"": 0, ""oi"": 221000, ""option_type"": ""CE"", ""strike_price"": 345, ""oich"": 0}, {""ask"": 0, ""bid"": 0, ""oi"": 57000, ""option_type"": ""CE"", ""strike_price"": 325, ""oich"": 0}, {""ask"": 0, ""bid"": 0, ""oi"": 0, ""option_type"": ""CE"", ""strike_price"": 305, ""oich"": 0}, {""ask"": 0, ""bid"": 0, ""oi"": 137000, ""option_type"": ""CE"", ""strike_price"": 415, ""oich"": -2000}, {""ask"": 0, ""bid"": 0, ""oi"": 96000, ""option_type"": ""CE"", ""strike_price"": 392, ""oich"": 16000}, {""ask"": 0, ""bid"": 0, ""oi"": 1039000, ""option_type"": ""PE"", ""strike_price"": 375, ""oich"": 120000}, {""ask"": 0, ""bid"": 0, ""oi"": 208000, ""option_type"": ""CE"", ""strike_price"": 372, ""oich"": 91000}, {""ask"": 0, ""bid"": 0, ""oi"": 0, ""option_type"": ""PE"", ""strike_price"": 337, ""oich"": 0}, {""ask"": 0, ""bid"": 0, ""oi"": 175000, ""option_type"": ""PE"", ""strike_price"": 335, ""oich"": 10000}, {""ask"": 0, ""bid"": 0, ""oi"": 768000, ""option_type"": ""PE"", ""strike_price"": 330, ""oich"": -22000}, {""ask"": 0, ""bid"": 0, ""oi"": 476000, ""option_type"": ""CE"", ""strike_price"": 395, ""oich"": -7000}, {""ask"": 0, ""bid"": 0, ""oi"": 55000, ""option_type"": ""CE"", ""strike_price"": 357, ""oich"": -5000}, {""ask"": 0, ""bid"": 0, ""oi"": 693000, ""option_type"": ""CE"", ""strike_price"": 420, ""oich"": 46000}, {""ask"": 0, ""bid"": 0, ""oi"": 12000, ""option_type"": ""PE"", ""strike_price"": 395, ""oich"": 0}, {""ask"": 0, ""bid"": 0, ""oi"": 1075000, ""option_type"": ""CE"", ""strike_price"": 410, ""oich"": 67000}, {""ask"": 0, ""bid"": 0, ""oi"": 0, ""option_type"": ""CE"", ""strike_price"": 327, ""oich"": 0}, {""ask"": 0, ""bid"": 0, ""oi"": 152000, ""option_type"": ""PE"", ""strike_price"": 362, ""oich"": -43000}, {""ask"": 0, ""bid"": 0, ""oi"": 601000, ""option_type"": ""PE"", ""strike_price"": 365, ""oich"": 20000}, {""ask"": 0, ""bid"": 0, ""oi"": 221000, ""option_type"": ""CE"", ""strike_price"": 382, ""oich"": 61000}, {""ask"": 0, ""bid"": 0, ""oi"": 1802000, ""option_type"": ""PE"", ""strike_price"": 360, ""oich"": -48000}, {""ask"": 0, ""bid"": 0, ""oi"": 1320000, ""option_type"": ""CE"", ""strike_price"": 390, ""oich"": -142000}, {""ask"": 0, ""bid"": 0, ""oi"": 0, ""option_type"": ""CE"", ""strike_price"": 402, ""oich"": 0}, {""ask"": 0, ""bid"": 0, ""oi"": 0, ""option_type"": ""PE"", ""strike_price"": 415, ""oich"": 0}, {""ask"": 0, ""bid"": 0, ""oi"": 0, ""option_type"": ""PE"", ""strike_price"": 425, ""oich"": 0}, {""ask"": 0, ""bid"": 0, ""oi"": 1825000, ""option_type"": ""PE"", ""strike_price"": 370, ""oich"": 337000}, {""ask"": 0, ""bid"": 0, ""oi"": 100000, ""option_type"": ""PE"", ""strike_price"": 315, ""oich"": -1000}, {""ask"": 0, ""bid"": 0, ""oi"": 237000, ""option_type"": ""CE"", ""strike_price"": 330, ""oich"": -1000}, {""ask"": 0, ""bid"": 0, ""oi"": 1415000, ""option_type"": ""PE"", ""strike_price"": 340, ""oich"": 80000}, {""ask"": 0, ""bid"": 0, ""oi"": 2464000, ""option_type"": ""CE"", ""strike_price"": 350, ""oich"": -28000}, {""ask"": 0, ""bid"": 0, ""oi"": 3207000, ""option_type"": ""PE"", ""strike_price"": 350, ""oich"": -10000}, {""ask"": 0, ""bid"": 0, ""oi"": 1451000, ""option_type"": ""CE"", ""strike_price"": 355, ""oich"": -31000}, {""ask"": 0, ""bid"": 0, ""oi"": 1629000, ""option_type"": ""PE"", ""strike_price"": 355, ""oich"": -30000}, {""ask"": 0, ""bid"": 0, ""oi"": 88000, ""option_type"": ""CE"", ""strike_price"": 367, ""oich"": -21000}, {""ask"": 0, ""bid"": 0, ""oi"": 3153000, ""option_type"": ""CE"", ""strike_price"": 380, ""oich"": 743000}, {""ask"": 0, ""bid"": 0, ""oi"": 67000, ""option_type"": ""PE"", ""strike_price"": 382, ""oich"": 17000}, {""ask"": 0, ""bid"": 0, ""oi"": 110000, ""option_type"": ""PE"", ""strike_price"": 310, ""oich"": 0}, {""ask"": 0, ""bid"": 0, ""oi"": 8000, ""option_type"": ""CE"", ""strike_price"": 280, ""oich"": 0}, {""ask"": 0, ""bid"": 0, ""oi"": 771000, ""option_type"": ""CE"", ""strike_price"": 340, ""oich"": 1000}, {""ask"": 0, ""bid"": 0, ""oi"": 175000, ""option_type"": ""PE"", ""strike_price"": 377, ""oich"": 36000}, {""ask"": 0, ""bid"": 0, ""oi"": 2460000, ""option_type"": ""CE"", ""strike_price"": 360, ""oich"": -32000}, {""ask"": 0, ""bid"": 0, ""oi"": 0, ""option_type"": ""CE"", ""strike_price"": 332, ""oich"": 0}]",20146000,2026-01-05
27436000,,,"[{""ask"": 0, ""bid"": 0, ""oi"": 215000, ""option_type"": ""PE"", ""strike_price"": 377, ""oich"": 40000}, {""ask"": 0, ""bid"": 0, ""oi"": 2409000, ""option_type"": ""CE"", ""strike_price"": 360, ""oich"": -51000}, {""ask"": 0, ""bid"": 0, ""oi"": 759000, ""option_type"": ""CE"", ""strike_price"": 340, ""oich"": -12000}, {""ask"": 0, ""bid"": 0, ""oi"": 0, ""option_type"": ""CE"", ""strike_price"": 332, ""oich"": 0}, {""ask"": 0, ""bid"": 0, ""oi"": 109000, ""option_type"": ""PE"", ""strike_price"": 310, ""oich"": -1000}, {""ask"": 0, ""bid"": 0, ""oi"": 3178000, ""option_type"": ""PE"", ""strike_price"": 350, ""oich"": -29000}, {""ask"": 0, ""bid"": 0, ""oi"": 102000, ""option_type"": ""PE"", ""strike_price"": 382, ""oich"": 35000}, {""ask"": 0, ""bid"": 0, ""oi"": 3722000, ""option_type"": ""CE"", ""strike_price"": 380, ""oich"": 569000}, {""ask"": 0, ""bid"": 0, ""oi"": 1811000, ""option_type"": ""PE"", ""strike_price"": 370, ""oich"": -14000}, {""ask"": 0, ""bid"": 0, ""oi"": 82000, ""option_type"": ""CE"", ""strike_price"": 367, ""oich"": -6000}, {""ask"": 0, ""bid"": 0, ""oi"": 1631000, ""option_type"": ""PE"", ""strike_price"": 355, ""oich"": 2000}, {""ask"": 0, ""bid"": 0, ""oi"": 1446000, ""option_type"": ""CE"", ""strike_price"": 355, ""oich"": -5000}, {""ask"": 0, ""bid"": 0, ""oi"": 2440000, ""option_type"": ""CE"", ""strike_price"": 350, ""oich"": -24000}, {""ask"": 0, ""bid"": 0, ""oi"": 1379000, ""option_type"": ""PE"", ""strike_price"": 340, ""oich"": -36000}, {""ask"": 0, ""bid"": 0, ""oi"": 202000, ""option_type"": ""CE"", ""strike_price"": 330, ""oich"": -35000}, {""ask"": 0, ""bid"": 0, ""oi"": 96000, ""option_type"": ""PE"", ""strike_price"": 315, ""oich"": -4000}, {""ask"": 0, ""bid"": 0, ""oi"": 8000, ""option_type"": ""CE"", ""strike_price"": 280, ""oich"": 0}, {""ask"": 0, ""bid"": 0, ""oi"": 53000, ""option_type"": ""CE"", ""strike_price"": 352, ""oich"": 0}, {""ask"": 0, ""bid"": 0, ""oi"": 8000, ""option_type"": ""CE"", ""strike_price"": 300, ""oich"": 1000}, {""ask"": 0, ""bid"": 0, ""oi"": 352000, ""option_type"": ""PE"", ""strike_price"": 300, ""oich"": -21000}, {""ask"": 0, ""bid"": 0, ""oi"": 0, ""option_type"": ""CE"", ""strike_price"": 310, ""oich"": 0}, {""ask"": 0, ""bid"": 0, ""oi"": 70000, ""option_type"": ""CE"", ""strike_price"": 335, ""oich"": 0}, {""ask"": 0, ""bid"": 0, ""oi"": 387000, ""option_type"": ""PE"", ""strike_price"": 345, ""oich"": 6000}, {""ask"": 0, ""bid"": 0, ""oi"": 159000, ""option_type"": ""PE"", ""strike_price"": 385, ""oich"": 32000}, {""ask"": 0, ""bid"": 0, ""oi"": 241000, ""option_type"": ""CE"", ""strike_price"": 387, ""oich"": 18000}, {""ask"": 0, ""bid"": 0, ""oi"": 1421000, ""option_type"": ""PE"", ""strike_price"": 400, ""oich"": 22000}, {""ask"": 0, ""bid"": 0, ""oi"": 356000, ""option_type"": ""CE"", ""strike_price"": 365, ""oich"": -27000}, {""ask"": 0, ""bid"": 0, ""oi"": 19000, ""option_type"": ""PE"", ""strike_price"": 392, ""oich"": 12000}, {""ask"": 0, ""bid"": 0, ""oi"": 0, ""option_type"": ""CE"", ""strike_price"": 425, ""oich"": 0}, {""ask"": 0, ""bid"": 0, ""oi"": 1243000, ""option_type"": ""CE"", ""strike_price"": 375, ""oich"": 68000}, {""ask"": 0, ""bid"": 0, ""oi"": 21000, ""option_type"": ""PE"", ""strike_price"": 342, ""oich"": 5000}, {""ask"": 0, ""bid"": 0, ""oi"": 605000, ""option_type"": ""PE"", ""strike_price"": 320, ""oich"": -3000}, {""ask"": 0, ""bid"": 0, ""oi"": 2000, ""option_type"": ""CE"", ""strike_price"": 315, ""oich"": 0}, {""ask"": 0, ""bid"": 0, ""oi"": 12000, ""option_type"": ""PE"", ""strike_price"": 305, ""oich"": 0}, {""ask"": 0, ""bid"": 0, ""oi"": 986000, ""option_type"": ""CE"", ""strike_price"": 385, ""oich"": 222000}, {""ask"": 0, ""bid"": 0, ""oi"": 234000, ""option_type"": ""PE"", ""strike_price"": 357, ""oich"": -15000}, {""ask"": 0, ""bid"": 0, ""oi"": 241000, ""option_type"": ""PE"", ""strike_price"": 352, ""oich"": -2000}, {""ask"": 0, ""bid"": 0, ""oi"": 0, ""option_type"": ""CE"", ""strike_price"": 337, ""oich"": 0}, {""ask"": 0, ""bid"": 0, ""oi"": 4000, ""option_type"": ""PE"", ""strike_price"": 290, ""oich"": 0}, {""ask"": 0, ""bid"": 0, ""oi"": 263000, ""option_type"": ""PE"", ""strike_price"": 367, ""oich"": 6000}, {""ask"": 0, ""bid"": 0, ""oi"": 276000, ""option_type"": ""PE"", ""strike_price"": 372, ""oich"": 51000}, {""ask"": 0, ""bid"": 0, ""oi"": 726000, ""option_type"": ""PE"", ""strike_price"": 330, ""oich"": -42000}, {""ask"": 0, ""bid"": 0, ""oi"": 186000, ""option_type"": ""PE"", ""strike_price"": 335, ""oich"": 11000}, {""ask"": 0, ""bid"": 0, ""oi"": 0, ""option_type"": ""PE"", ""strike_price"": 337, ""oich"": 0}, {""ask"": 0, ""bid"": 0, ""oi"": 196000, ""option_type"": ""CE"", ""strike_price"": 372, ""oich"": -12000}, {""ask"": 0, ""bid"": 0, ""oi"": 1098000, ""option_type"": ""PE"", ""strike_price"": 375, ""oich"": 59000}, {""ask"": 0, ""bid"": 0, ""oi"": 417000, ""option_type"": ""CE"", ""strike_price"": 395, ""oich"": -59000}, {""ask"": 0, ""bid"": 0, ""oi"": 139000, ""option_type"": ""CE"", ""strike_price"": 415, ""oich"": 2000}, {""ask"": 0, ""bid"": 0, ""oi"": 158000, ""option_type"": ""CE"", ""strike_price"": 392, ""oich"": 62000}, {""ask"": 0, ""bid"": 0, ""oi"": 1086000, ""option_type"": ""CE"", ""strike_price"": 410, ""oich"": 11000}, {""ask"": 0, ""bid"": 0, ""oi"": 12000, ""option_type"": ""PE"", ""strike_price"": 395, ""oich"": 0}, {""ask"": 0, ""bid"": 0, ""oi"": 257000, ""option_type"": ""CE"", ""strike_price"": 382, ""oich"": 36000}, {""ask"": 0, ""bid"": 0, ""oi"": 0, ""option_type"": ""CE"", ""strike_price"": 327, ""oich"": 0}, {""ask"": 0, ""bid"": 0, ""oi"": 608000, ""option_type"": ""PE"", ""strike_price"": 365, ""oich"": 7000}, {""ask"": 0, ""bid"": 0, ""oi"": 145000, ""option_type"": ""PE"", ""strike_price"": 362, ""oich"": -7000}, {""ask"": 0, ""bid"": 0, ""oi"": 5127000, ""option_type"": ""CE"", ""strike_price"": 400, ""oich"": -199000}, {""ask"": 0, ""bid"": 0, ""oi"": 0, ""option_type"": ""PE"", ""strike_price"": 397, ""oich"": 0}, {""ask"": 0, ""bid"": 0, ""oi"": 0, ""option_type"": ""CE"", ""strike_price"": 397, ""oich"": 0}, {""ask"": 0, ""bid"": 0, ""oi"": 4000, ""option_type"": ""PE"", ""strike_price"": 387, ""oich"": 0}, {""ask"": 0, ""bid"": 0, ""oi"": 1127000, ""option_type"": ""PE"", ""strike_price"": 380, ""oich"": -7000}, {""ask"": 0, ""bid"": 0, ""oi"": 862000, ""option_type"": ""PE"", ""strike_price"": 430, ""oich"": -7000}, {""ask"": 0, ""bid"": 0, ""oi"": 194000, ""option_type"": ""PE"", ""strike_price"": 410, ""oich"": -4000}, {""ask"": 0, ""bid"": 0, ""oi"": 8000, ""option_type"": ""PE"", ""strike_price"": 280, ""oich"": 0}, {""ask"": 0, ""bid"": 0, ""oi"": 129000, ""option_type"": ""PE"", ""strike_price"": 325, ""oich"": -5000}, {""ask"": 0, ""bid"": 0, ""oi"": 0, ""option_type"": ""PE"", ""strike_price"": 327, ""oich"": 0}, {""ask"": 0, ""bid"": 0, ""oi"": 0, ""option_type"": ""PE"", ""strike_price"": 332, ""oich"": 0}, {""ask"": 0, ""bid"": 0, ""oi"": 6000, ""option_type"": ""CE"", ""strike_price"": 347, ""oich"": 0}, {""ask"": 0, ""bid"": 0, ""oi"": 140000, ""option_type"": ""CE"", ""strike_price"": 362, ""oich"": 5000}, {""ask"": 0, ""bid"": 0, ""oi"": 674000, ""option_type"": ""CE"", ""strike_price"": 377, ""oich"": 38000}, {""ask"": 0, ""bid"": 0, ""oi"": 0, ""option_type"": ""CE"", ""strike_price"": 305, ""oich"": 0}, {""ask"": 0, ""bid"": 0, ""oi"": 57000, ""option_type"": ""CE"", ""strike_price"": 325, ""oich"": 0}, {""ask"": 0, ""bid"": 0, ""oi"": 222000, ""option_type"": ""CE"", ""strike_price"": 345, ""oich"": 1000}, {""ask"": 0, ""bid"": 0, ""oi"": 1444000, ""option_type"": ""CE"", ""strike_price"": 370, ""oich"": -74000}, {""ask"": 0, ""bid"": 0, ""oi"": 445000, ""option_type"": ""CE"", ""strike_price"": 405, ""oich"": 13000}, {""ask"": 0, ""bid"": 0, ""oi"": 8000, ""option_type"": ""PE"", ""strike_price"": 405, ""oich"": 0}, {""ask"": 0, ""bid"": 0, ""oi"": 55000, ""option_type"": ""CE"", ""strike_price"": 357, ""oich"": 0}, {""ask"": 0, ""bid"": 0, ""oi"": 677000, ""option_type"": ""CE"", ""strike_price"": 420, ""oich"": -16000}, {""ask"": 0, ""bid"": 0, ""oi"": 1431000, ""option_type"": ""CE"", ""strike_price"": 390, ""oich"": 111000}, {""ask"": 0, ""bid"": 0, ""oi"": 0, ""option_type"": ""CE"", ""strike_price"": 402, ""oich"": 0}, {""ask"": 0, ""bid"": 0, ""oi"": 0, ""option_type"": ""PE"", ""strike_price"": 415, ""oich"": 0}, {""ask"": 0, ""bid"": 0, ""oi"": 1734000, ""option_type"": ""PE"", ""strike_price"": 360, ""oich"": -68000}, {""ask"": 0, ""bid"": 0, ""oi"": 0, ""option_type"": ""PE"", ""strike_price"": 425, ""oich"": 0}, {""ask"": 0, ""bid"": 0, ""oi"": 226000, ""option_type"": ""CE"", ""strike_price"": 450, ""oich"": -27000}, {""ask"": 0, ""bid"": 0, ""oi"": 598000, ""option_type"": ""CE"", ""strike_price"": 430, ""oich"": 102000}, {""ask"": 0, ""bid"": 0, ""oi"": 300000, ""option_type"": ""PE"", ""strike_price"": 420, ""oich"": -5000}, {""ask"": 0, ""bid"": 0, ""oi"": 0, ""option_type"": ""PE"", ""strike_price"": 402, ""oich"": 0}, {""ask"": 0, ""bid"": 0, ""oi"": 433000, ""option_type"": ""PE"", ""strike_price"": 390, ""oich"": 0}, {""ask"": 0, ""bid"": 0, ""oi"": 83000, ""option_type"": ""PE"", ""strike_price"": 347, ""oich"": 8000}, {""ask"": 0, ""bid"": 0, ""oi"": 2000, ""option_type"": ""CE"", ""strike_price"": 342, ""oich"": 0}, {""ask"": 0, ""bid"": 0, ""oi"": 52000, ""option_type"": ""CE"", ""strike_price"": 320, ""oich"": 0}]",20172000,2026-01-06
27622000,,,"[{""ask"": 0, ""bid"": 0, ""oi"": 862000, ""option_type"": ""PE"", ""strike_price"": 430, ""oich"": 0}, {""ask"": 0, ""bid"": 0, ""oi"": 6000, ""option_type"": ""CE"", ""strike_price"": 347, ""oich"": 0}, {""ask"": 0, ""bid"": 0, ""oi"": 0, ""option_type"": ""PE"", ""strike_price"": 332, ""oich"": 0}, {""ask"": 0, ""bid"": 0, ""oi"": 0, ""option_type"": ""PE"", ""strike_price"": 327, ""oich"": 0}, {""ask"": 0, ""bid"": 0, ""oi"": 8000, ""option_type"": ""PE"", ""strike_price"": 280, ""oich"": 0}, {""ask"": 0, ""bid"": 0, ""oi"": 147000, ""option_type"": ""PE"", ""strike_price"": 325, ""oich"": 18000}, {""ask"": 0, ""bid"": 0, ""oi"": 1437000, ""option_type"": ""CE"", ""strike_price"": 355, ""oich"": -9000}, {""ask"": 0, ""bid"": 0, ""oi"": 1635000, ""option_type"": ""PE"", ""strike_price"": 355, ""oich"": 4000}, {""ask"": 0, ""bid"": 0, ""oi"": 81000, ""option_type"": ""CE"", ""strike_price"": 367, ""oich"": -1000}, {""ask"": 0, ""bid"": 0, ""oi"": 2065000, ""option_type"": ""PE"", ""strike_price"": 370, ""oich"": 254000}, {""ask"": 0, ""bid"": 0, ""oi"": 3612000, ""option_type"": ""CE"", ""strike_price"": 380, ""oich"": -110000}, {""ask"": 0, ""bid"": 0, ""oi"": 100000, ""option_type"": ""PE"", ""strike_price"": 382, ""oich"": -2000}, {""ask"": 0, ""bid"": 0, ""oi"": 8000, ""option_type"": ""CE"", ""strike_price"": 280, ""oich"": 0}, {""ask"": 0, ""bid"": 0, ""oi"": 105000, ""option_type"": ""PE"", ""strike_price"": 310, ""oich"": -4000}, {""ask"": 0, ""bid"": 0, ""oi"": 96000, ""option_type"": ""PE"", ""strike_price"": 315, ""oich"": 0}, {""ask"": 0, ""bid"": 0, ""oi"": 202000, ""option_type"": ""CE"", ""strike_price"": 330, ""oich"": 0}, {""ask"": 0, ""bid"": 0, ""oi"": 1353000, ""option_type"": ""PE"", ""strike_price"": 340, ""oich"": -26000}, {""ask"": 0, ""bid"": 0, ""oi"": 2414000, ""option_type"": ""CE"", ""strike_price"": 350, ""oich"": -26000}, {""ask"": 0, ""bid"": 0, ""oi"": 3194000, ""option_type"": ""PE"", ""strike_price"": 350, ""oich"": 16000}, {""ask"": 0, ""bid"": 0, ""oi"": 0, ""option_type"": ""PE"", ""strike_price"": 425, ""oich"": 0}, {""ask"": 0, ""bid"": 0, ""oi"": 1760000, ""option_type"": ""PE"", ""strike_price"": 360, ""oich"": 26000}, {""ask"": 0, ""bid"": 0, ""oi"": 1489000, ""option_type"": ""CE"", ""strike_price"": 390, ""oich"": 58000}, {""ask"": 0, ""bid"": 0, ""oi"": 0, ""option_type"": ""CE"", ""strike_price"": 402, ""oich"": 0}, {""ask"": 0, ""bid"": 0, ""oi"": 0, ""option_type"": ""PE"", ""strike_price"": 415, ""oich"": 0}, {""ask"": 0, ""bid"": 0, ""oi"": 0, ""option_type"": ""CE"", ""strike_price"": 425, ""oich"": 0}, {""ask"": 0, ""bid"": 0, ""oi"": 1408000, ""option_type"": ""PE"", ""strike_price"": 400, ""oich"": -13000}, {""ask"": 0, ""bid"": 0, ""oi"": 19000, ""option_type"": ""PE"", ""strike_price"": 392, ""oich"": 0}, {""ask"": 0, ""bid"": 0, ""oi"": 221000, ""option_type"": ""CE"", ""strike_price"": 387, ""oich"": -20000}, {""ask"": 0, ""bid"": 0, ""oi"": 169000, ""option_type"": ""PE"", ""strike_price"": 385, ""oich"": 10000}, {""ask"": 0, ""bid"": 0, ""oi"": 353000, ""option_type"": ""CE"", ""strike_price"": 365, ""oich"": -3000}, {""ask"": 0, ""bid"": 0, ""oi"": 52000, ""option_type"": ""CE"", ""strike_price"": 352, ""oich"": -1000}, {""ask"": 0, ""bid"": 0, ""oi"": 394000, ""option_type"": ""PE"", ""strike_price"": 345, ""oich"": 7000}, {""ask"": 0, ""bid"": 0, ""oi"": 70000, ""option_type"": ""CE"", ""strike_price"": 335, ""oich"": 0}, {""ask"": 0, ""bid"": 0, ""oi"": 0, ""option_type"": ""CE"", ""strike_price"": 310, ""oich"": 0}, {""ask"": 0, ""bid"": 0, ""oi"": 331000, ""option_type"": ""PE"", ""strike_price"": 300, ""oich"": -21000}, {""ask"": 0, ""bid"": 0, ""oi"": 8000, ""option_type"": ""CE"", ""strike_price"": 300, ""oich"": 0}, {""ask"": 0, ""bid"": 0, ""oi"": 296000, ""option_type"": ""PE"", ""strike_price"": 420, ""oich"": -4000}, {""ask"": 0, ""bid"": 0, ""oi"": 624000, ""option_type"": ""CE"", ""strike_price"": 430, ""oich"": 26000}, {""ask"": 0, ""bid"": 0, ""oi"": 206000, ""option_type"": ""CE"", ""strike_price"": 450, ""oich"": -20000}, {""ask"": 0, ""bid"": 0, ""oi"": 83000, ""option_type"": ""PE"", ""strike_price"": 347, ""oich"": 0}, {""ask"": 0, ""bid"": 0, ""oi"": 2000, ""option_type"": ""CE"", ""strike_price"": 342, ""oich"": 0}, {""ask"": 0, ""bid"": 0, ""oi"": 52000, ""option_type"": ""CE"", ""strike_price"": 320, ""oich"": 0}, {""ask"": 0, ""bid"": 0, ""oi"": 429000, ""option_type"": ""PE"", ""strike_price"": 390, ""oich"": -4000}, {""ask"": 0, ""bid"": 0, ""oi"": 0, ""option_type"": ""PE"", ""strike_price"": 402, ""oich"": 0}, {""ask"": 0, ""bid"": 0, ""oi"": 8000, ""option_type"": ""PE"", ""strike_price"": 405, ""oich"": 0}, {""ask"": 0, ""bid"": 0, ""oi"": 467000, ""option_type"": ""CE"", ""strike_price"": 405, ""oich"": 22000}, {""ask"": 0, ""bid"": 0, ""oi"": 1490000, ""option_type"": ""CE"", ""strike_price"": 370, ""oich"": 46000}, {""ask"": 0, ""bid"": 0, ""oi"": 222000, ""option_type"": ""CE"", ""strike_price"": 345, ""oich"": 0}, {""ask"": 0, ""bid"": 0, ""oi"": 57000, ""option_type"": ""CE"", ""strike_price"": 325, ""oich"": 0}, {""ask"": 0, ""bid"": 0, ""oi"": 0, ""option_type"": ""CE"", ""strike_price"": 305, ""oich"": 0}, {""ask"": 0, ""bid"": 0, ""oi"": 291000, ""option_type"": ""PE"", ""strike_price"": 372, ""oich"": 15000}, {""ask"": 0, ""bid"": 0, ""oi"": 957000, ""option_type"": ""CE"", ""strike_price"": 385, ""oich"": -29000}, {""ask"": 0, ""bid"": 0, ""oi"": 0, ""option_type"": ""CE"", ""strike_price"": 407, ""oich"": 0}, {""ask"": 0, ""bid"": 0, ""oi"": 4000, ""option_type"": ""PE"", ""strike_price"": 290, ""oich"": 0}, {""ask"": 0, ""bid"": 0, ""oi"": 0, ""option_type"": ""CE"", ""strike_price"": 337, ""oich"": 0}, {""ask"": 0, ""bid"": 0, ""oi"": 252000, ""option_type"": ""PE"", ""strike_price"": 352, ""oich"": 11000}, {""ask"": 0, ""bid"": 0, ""oi"": 225000, ""option_type"": ""PE"", ""strike_price"": 357, ""oich"": -9000}, {""ask"": 0, ""bid"": 0, ""oi"": 269000, ""option_type"": ""PE"", ""strike_price"": 367, ""oich"": 6000}, {""ask"": 0, ""bid"": 0, ""oi"": 12000, ""option_type"": ""PE"", ""strike_price"": 305, ""oich"": 0}, {""ask"": 0, ""bid"": 0, ""oi"": 2000, ""option_type"": ""CE"", ""strike_price"": 315, ""oich"": 0}, {""ask"": 0, ""bid"": 0, ""oi"": 602000, ""option_type"": ""PE"", ""strike_price"": 320, ""oich"": -3000}, {""ask"": 0, ""bid"": 0, ""oi"": 20000, ""option_type"": ""PE"", ""strike_price"": 342, ""oich"": -1000}, {""ask"": 0, ""bid"": 0, ""oi"": 1326000, ""option_type"": ""CE"", ""strike_price"": 375, ""oich"": 83000}, {""ask"": 0, ""bid"": 0, ""oi"": 0, ""option_type"": ""PE"", ""strike_price"": 407, ""oich"": 0}, {""ask"": 0, ""bid"": 0, ""oi"": 1326000, ""option_type"": ""CE"", ""strike_price"": 410, ""oich"": 240000}, {""ask"": 0, ""bid"": 0, ""oi"": 12000, ""option_type"": ""PE"", ""strike_price"": 395, ""oich"": 0}, {""ask"": 0, ""bid"": 0, ""oi"": 268000, ""option_type"": ""CE"", ""strike_price"": 382, ""oich"": 11000}, {""ask"": 0, ""bid"": 0, ""oi"": 0, ""option_type"": ""CE"", ""strike_price"": 327, ""oich"": 0}, {""ask"": 0, ""bid"": 0, ""oi"": 144000, ""option_type"": ""PE"", ""strike_price"": 362, ""oich"": -1000}, {""ask"": 0, ""bid"": 0, ""oi"": 609000, ""option_type"": ""PE"", ""strike_price"": 365, ""oich"": 1000}, {""ask"": 0, ""bid"": 0, ""oi"": 722000, ""option_type"": ""PE"", ""strike_price"": 330, ""oich"": -4000}, {""ask"": 0, ""bid"": 0, ""oi"": 193000, ""option_type"": ""PE"", ""strike_price"": 335, ""oich"": 7000}, {""ask"": 0, ""bid"": 0, ""oi"": 0, ""option_type"": ""PE"", ""strike_price"": 337, ""oich"": 0}, {""ask"": 0, ""bid"": 0, ""oi"": 219000, ""option_type"": ""CE"", ""strike_price"": 372, ""oich"": 23000}, {""ask"": 0, ""bid"": 0, ""oi"": 1164000, ""option_type"": ""PE"", ""strike_price"": 375, ""oich"": 66000}, {""ask"": 0, ""bid"": 0, ""oi"": 151000, ""option_type"": ""CE"", ""strike_price"": 392, ""oich"": -7000}, {""ask"": 0, ""bid"": 0, ""oi"": 425000, ""option_type"": ""CE"", ""strike_price"": 395, ""oich"": 8000}, {""ask"": 0, ""bid"": 0, ""oi"": 148000, ""option_type"": ""CE"", ""strike_price"": 415, ""oich"": 9000}, {""ask"": 0, ""bid"": 0, ""oi"": 921000, ""option_type"": ""CE"", ""strike_price"": 420, ""oich"": 244000}, {""ask"": 0, ""bid"": 0, ""oi"": 55000, ""option_type"": ""CE"", ""strike_price"": 357, ""oich"": 0}, {""ask"": 0, ""bid"": 0, ""oi"": 2412000, ""option_type"": ""CE"", ""strike_price"": 360, ""oich"": 3000}, {""ask"": 0, ""bid"": 0, ""oi"": 759000, ""option_type"": ""CE"", ""strike_price"": 340, ""oich"": 0}, {""ask"": 0, ""bid"": 0, ""oi"": 0, ""option_type"": ""CE"", ""strike_price"": 332, ""oich"": 0}, {""ask"": 0, ""bid"": 0, ""oi"": 267000, ""option_type"": ""PE"", ""strike_price"": 377, ""oich"": 52000}, {""ask"": 0, ""bid"": 0, ""oi"": 140000, ""option_type"": ""CE"", ""strike_price"": 362, ""oich"": 0}, {""ask"": 0, ""bid"": 0, ""oi"": 674000, ""option_type"": ""CE"", ""strike_price"": 377, ""oich"": 0}, {""ask"": 0, ""bid"": 0, ""oi"": 1130000, ""option_type"": ""PE"", ""strike_price"": 380, ""oich"": 3000}, {""ask"": 0, ""bid"": 0, ""oi"": 4000, ""option_type"": ""PE"", ""strike_price"": 387, ""oich"": 0}, {""ask"": 0, ""bid"": 0, ""oi"": 0, ""option_type"": ""CE"", ""strike_price"": 397, ""oich"": 0}, {""ask"": 0, ""bid"": 0, ""oi"": 0, ""option_type"": ""PE"", ""strike_price"": 397, ""oich"": 0}, {""ask"": 0, ""bid"": 0, ""oi"": 4766000, ""option_type"": ""CE"", ""strike_price"": 400, ""oich"": -361000}, {""ask"": 0, ""bid"": 0, ""oi"": 194000, ""option_type"": ""PE"", ""strike_price"": 410, ""oich"": 0}]",20576000,2026-01-07
28819000,,,"[{""ask"": 0, ""bid"": 0, ""oi"": 3348000, ""option_type"": ""PE"", ""strike_price"": 350, ""oich"": 154000}, {""ask"": 0, ""bid"": 0, ""oi"": 119000, ""option_type"": ""PE"", ""strike_price"": 382, ""oich"": 19000}, {""ask"": 0, ""bid"": 0, ""oi"": 4106000, ""option_type"": ""CE"", ""strike_price"": 380, ""oich"": 494000}, {""ask"": 0, ""bid"": 0, ""oi"": 1234000, ""option_type"": ""PE"", ""strike_price"": 370, ""oich"": -831000}, {""ask"": 0, ""bid"": 0, ""oi"": 445000, ""option_type"": ""CE"", ""strike_price"": 367, ""oich"": 364000}, {""ask"": 0, ""bid"": 0, ""oi"": 1468000, ""option_type"": ""PE"", ""strike_price"": 355, ""oich"": -167000}, {""ask"": 0, ""bid"": 0, ""oi"": 1436000, ""option_type"": ""CE"", ""strike_price"": 355, ""oich"": -1000}, {""ask"": 0, ""bid"": 0, ""oi"": 8000, ""option_type"": ""CE"", ""strike_price"": 280, ""oich"": 0}, {""ask"": 0, ""bid"": 0, ""oi"": 2382000, ""option_type"": ""CE"", ""strike_price"": 350, ""oich"": -32000}, {""ask"": 0, ""bid"": 0, ""oi"": 1401000, ""option_type"": ""PE"", ""strike_price"": 340, ""oich"": 48000}, {""ask"": 0, ""bid"": 0, ""oi"": 202000, ""option_type"": ""CE"", ""strike_price"": 330, ""oich"": 0}, {""ask"": 0, ""bid"": 0, ""oi"": 93000, ""option_type"": ""PE"", ""strike_price"": 315, ""oich"": -3000}, {""ask"": 0, ""bid"": 0, ""oi"": 583000, ""option_type"": ""PE"", ""strike_price"": 365, ""oich"": -26000}, {""ask"": 0, ""bid"": 0, ""oi"": 310000, ""option_type"": ""CE"", ""strike_price"": 382, ""oich"": 42000}, {""ask"": 0, ""bid"": 0, ""oi"": 12000, ""option_type"": ""PE"", ""strike_price"": 395, ""oich"": 0}, {""ask"": 0, ""bid"": 0, ""oi"": 999000, ""option_type"": ""CE"", ""strike_price"": 410, ""oich"": -327000}, {""ask"": 0, ""bid"": 0, ""oi"": 0, ""option_type"": ""CE"", ""strike_price"": 327, ""oich"": 0}, {""ask"": 0, ""bid"": 0, ""oi"": 217000, ""option_type"": ""PE"", ""strike_price"": 362, ""oich"": 73000}, {""ask"": 0, ""bid"": 0, ""oi"": 8000, ""option_type"": ""PE"", ""strike_price"": 405, ""oich"": 0}, {""ask"": 0, ""bid"": 0, ""oi"": 416000, ""option_type"": ""CE"", ""strike_price"": 405, ""oich"": -51000}, {""ask"": 0, ""bid"": 0, ""oi"": 1739000, ""option_type"": ""CE"", ""strike_price"": 370, ""oich"": 249000}, {""ask"": 0, ""bid"": 0, ""oi"": 218000, ""option_type"": ""CE"", ""strike_price"": 345, ""oich"": -4000}, {""ask"": 0, ""bid"": 0, ""oi"": 57000, ""option_type"": ""CE"", ""strike_price"": 325, ""oich"": 0}, {""ask"": 0, ""bid"": 0, ""oi"": 0, ""option_type"": ""CE"", ""strike_price"": 305, ""oich"": 0}, {""ask"": 0, ""bid"": 0, ""oi"": 89000, ""option_type"": ""PE"", ""strike_price"": 347, ""oich"": 6000}, {""ask"": 0, ""bid"": 0, ""oi"": 2000, ""option_type"": ""CE"", ""strike_price"": 342, ""oich"": 0}, {""ask"": 0, ""bid"": 0, ""oi"": 51000, ""option_type"": ""CE"", ""strike_price"": 320, ""oich"": -1000}, {""ask"": 0, ""bid"": 0, ""oi"": 740000, ""option_type"": ""CE"", ""strike_price"": 430, ""oich"": 116000}, {""ask"": 0, ""bid"": 0, ""oi"": 233000, ""option_type"": ""CE"", ""strike_price"": 450, ""oich"": 27000}, {""ask"": 0, ""bid"": 0, ""oi"": 423000, ""option_type"": ""PE"", ""strike_price"": 390, ""oich"": -6000}, {""ask"": 0, ""bid"": 0, ""oi"": 0, ""option_type"": ""PE"", ""strike_price"": 402, ""oich"": 0}, {""ask"": 0, ""bid"": 0, ""oi"": 305000, ""option_type"": ""PE"", ""strike_price"": 420, ""oich"": 9000}, {""ask"": 0, ""bid"": 0, ""oi"": 0, ""option_type"": ""PE"", ""strike_price"": 332, ""oich"": 0}, {""ask"": 0, ""bid"": 0, ""oi"": 6000, ""option_type"": ""CE"", ""strike_price"": 347, ""oich"": 0}, {""ask"": 0, ""bid"": 0, ""oi"": 138000, ""option_type"": ""CE"", ""strike_price"": 362, ""oich"": -2000}, {""ask"": 0, ""bid"": 0, ""oi"": 822000, ""option_type"": ""CE"", ""strike_price"": 377, ""oich"": 148000}, {""ask"": 0, ""bid"": 0, ""oi"": 1085000, ""option_type"": ""PE"", ""strike_price"": 380, ""oich"": -45000}, {""ask"": 0, ""bid"": 0, ""oi"": 4000, ""option_type"": ""PE"", ""strike_price"": 387, ""oich"": 0}, {""ask"": 0, ""bid"": 0, ""oi"": 0, ""option_type"": ""CE"", ""strike_price"": 397, ""oich"": 0}, {""ask"": 0, ""bid"": 0, ""oi"": 0, ""option_type"": ""PE"", ""strike_price"": 397, ""oich"": 0}, {""ask"": 0, ""bid"": 0, ""oi"": 4261000, ""option_type"": ""CE"", ""strike_price"": 400, ""oich"": -505000}, {""ask"": 0, ""bid"": 0, ""oi"": 194000, ""option_type"": ""PE"", ""strike_price"": 410, ""oich"": 0}, {""ask"": 0, ""bid"": 0, ""oi"": 861000, ""option_type"": ""PE"", ""strike_price"": 430, ""oich"": -1000}, {""ask"": 0, ""bid"": 0, ""oi"": 8000, ""option_type"": ""PE"", ""strike_price"": 280, ""oich"": 0}, {""ask"": 0, ""bid"": 0, ""oi"": 146000, ""option_type"": ""PE"", ""strike_price"": 325, ""oich"": -1000}, {""ask"": 0, ""bid"": 0, ""oi"": 0, ""option_type"": ""PE"", ""strike_price"": 327, ""oich"": 0}, {""ask"": 0, ""bid"": 0, ""oi"": 69000, ""option_type"": ""CE"", ""strike_price"": 335, ""oich"": -1000}, {""ask"": 0, ""bid"": 0, ""oi"": 412000, ""option_type"": ""PE"", ""strike_price"": 345, ""oich"": 18000}, {""ask"": 0, ""bid"": 0, ""oi"": 53000, ""option_type"": ""CE"", ""strike_price"": 352, ""oich"": 1000}, {""ask"": 0, ""bid"": 0, ""oi"": 401000, ""option_type"": ""CE"", ""strike_price"": 365, ""oich"": 48000}, {""ask"": 0, ""bid"": 0, ""oi"": 180000, ""option_type"": ""PE"", ""strike_price"": 385, ""oich"": 11000}, {""ask"": 0, ""bid"": 0, ""oi"": 189000, ""option_type"": ""CE"", ""strike_price"": 387, ""oich"": -32000}, {""ask"": 0, ""bid"": 0, ""oi"": 19000, ""option_type"": ""PE"", ""strike_price"": 392, ""oich"": 0}, {""ask"": 0, ""bid"": 0, ""oi"": 1380000, ""option_type"": ""PE"", ""strike_price"": 400, ""oich"": -28000}, {""ask"": 0, ""bid"": 0, ""oi"": 0, ""option_type"": ""CE"", ""strike_price"": 425, ""oich"": 0}, {""ask"": 0, ""bid"": 0, ""oi"": 0, ""option_type"": ""PE"", ""strike_price"": 407, ""oich"": 0}, {""ask"": 0, ""bid"": 0, ""oi"": 1699000, ""option_type"": ""CE"", ""strike_price"": 375, ""oich"": 373000}, {""ask"": 0, ""bid"": 0, ""oi"": 34000, ""option_type"": ""PE"", ""strike_price"": 342, ""oich"": 14000}, {""ask"": 0, ""bid"": 0, ""oi"": 597000, ""option_type"": ""PE"", ""strike_price"": 320, ""oich"": -5000}, {""ask"": 0, ""bid"": 0, ""oi"": 2000, ""option_type"": ""CE"", ""strike_price"": 315, ""oich"": 0}, {""ask"": 0, ""bid"": 0, ""oi"": 12000, ""option_type"": ""PE"", ""strike_price"": 305, ""oich"": 0}, {""ask"": 0, ""bid"": 0, ""oi"": 2152000, ""option_type"": ""PE"", ""strike_price"": 360, ""oich"": 392000}, {""ask"": 0, ""bid"": 0, ""oi"": 1700000, ""option_type"": ""CE"", ""strike_price"": 390, ""oich"": 211000}, {""ask"": 0, ""bid"": 0, ""oi"": 0, ""option_type"": ""CE"", ""strike_price"": 402, ""oich"": 0}, {""ask"": 0, ""bid"": 0, ""oi"": 0, ""option_type"": ""PE"", ""strike_price"": 415, ""oich"": 0}, {""ask"": 0, ""bid"": 0, ""oi"": 0, ""option_type"": ""PE"", ""strike_price"": 425, ""oich"": 0}, {""ask"": 0, ""bid"": 0, ""oi"": 1000, ""option_type"": ""CE"", ""strike_price"": 407, ""oich"": 1000}, {""ask"": 0, ""bid"": 0, ""oi"": 1053000, ""option_type"": ""CE"", ""strike_price"": 385, ""oich"": 96000}, {""ask"": 0, ""bid"": 0, ""oi"": 287000, ""option_type"": ""PE"", ""strike_price"": 372, ""oich"": -4000}, {""ask"": 0, ""bid"": 0, ""oi"": 304000, ""option_type"": ""PE"", ""strike_price"": 367, ""oich"": 35000}, {""ask"": 0, ""bid"": 0, ""oi"": 151000, ""option_type"": ""PE"", ""strike_price"": 357, ""oich"": -74000}, {""ask"": 0, ""bid"": 0, ""oi"": 247000, ""option_type"": ""PE"", ""strike_price"": 352, ""oich"": -5000}, {""ask"": 0, ""bid"": 0, ""oi"": 0, ""option_type"": ""CE"", ""strike_price"": 337, ""oich"": 0}, {""ask"": 0, ""bid"": 0, ""oi"": 4000, ""option_type"": ""PE"", ""strike_price"": 290, ""oich"": 0}, {""ask"": 0, ""bid"": 0, ""oi"": 230000, ""option_type"": ""PE"", ""strike_price"": 377, ""oich"": -37000}, {""ask"": 0, ""bid"": 0, ""oi"": 2377000, ""option_type"": ""CE"", ""strike_price"": 360, ""oich"": -35000}, {""ask"": 0, ""bid"": 0, ""oi"": 754000, ""option_type"": ""CE"", ""strike_price"": 340, ""oich"": -5000}, {""ask"": 0, ""bid"": 0, ""oi"": 0, ""option_type"": ""CE"", ""strike_price"": 332, ""oich"": 0}, {""ask"": 0, ""bid"": 0, ""oi"": 0, ""option_type"": ""CE"", ""strike_price"": 310, ""oich"": 0}, {""ask"": 0, ""bid"": 0, ""oi"": 337000, ""option_type"": ""PE"", ""strike_price"": 300, ""oich"": 6000}, {""ask"": 0, ""bid"": 0, ""oi"": 8000, ""option_type"": ""CE"", ""strike_price"": 300, ""oich"": 0}, {""ask"": 0, ""bid"": 0, ""oi"": 718000, ""option_type"": ""PE"", ""strike_price"": 330, ""oich"": -4000}, {""ask"": 0, ""bid"": 0, ""oi"": 200000, ""option_type"": ""PE"", ""strike_price"": 335, ""oich"": 7000}, {""ask"": 0, ""bid"": 0, ""oi"": 0, ""option_type"": ""PE"", ""strike_price"": 337, ""oich"": 0}, {""ask"": 0, ""bid"": 0, ""oi"": 256000, ""option_type"": ""CE"", ""strike_price"": 372, ""oich"": 37000}, {""ask"": 0, ""bid"": 0, ""oi"": 983000, ""option_type"": ""PE"", ""strike_price"": 375, ""oich"": -181000}, {""ask"": 0, ""bid"": 0, ""oi"": 124000, ""option_type"": ""CE"", ""strike_price"": 392, ""oich"": -27000}, {""ask"": 0, ""bid"": 0, ""oi"": 453000, ""option_type"": ""CE"", ""strike_price"": 395, ""oich"": 28000}, {""ask"": 0, ""bid"": 0, ""oi"": 117000, ""option_type"": ""CE"", ""strike_price"": 415, ""oich"": -31000}, {""ask"": 0, ""bid"": 0, ""oi"": 55000, ""option_type"": ""CE"", ""strike_price"": 357, ""oich"": 0}, {""ask"": 0, ""bid"": 0, ""oi"": 937000, ""option_type"": ""CE"", ""strike_price"": 420, ""oich"": 16000}, {""ask"": 0, ""bid"": 0, ""oi"": 108000, ""option_type"": ""PE"", ""strike_price"": 310, ""oich"": 3000}]",19953000,2026-01-08
28537000,,,"[{""ask"": 0, ""bid"": 0, ""oi"": 2000, ""option_type"": ""CE"", ""strike_price"": 315, ""oich"": 0}, {""ask"": 0, ""bid"": 0, ""oi"": 0, ""option_type"": ""PE"", ""strike_price"": 407, ""oich"": 0}, {""ask"": 0, ""bid"": 0, ""oi"": 1791000, ""option_type"": ""CE"", ""strike_price"": 375, ""oich"": 92000}, {""ask"": 0, ""bid"": 0, ""oi"": 89000, ""option_type"": ""PE"", ""strike_price"": 342, ""oich"": 55000}, {""ask"": 0, ""bid"": 0, ""oi"": 556000, ""option_type"": ""PE"", ""strike_price"": 320, ""oich"": -41000}, {""ask"": 0, ""bid"": 0, ""oi"": 722000, ""option_type"": ""CE"", ""strike_price"": 430, ""oich"": -18000}, {""ask"": 0, ""bid"": 0, ""oi"": 313000, ""option_type"": ""PE"", ""strike_price"": 420, ""oich"": 8000}, {""ask"": 0, ""bid"": 0, ""oi"": 0, ""option_type"": ""PE"", ""strike_price"": 402, ""oich"": 0}, {""ask"": 0, ""bid"": 0, ""oi"": 418000, ""option_type"": ""PE"", ""strike_price"": 390, ""oich"": -5000}, {""ask"": 0, ""bid"": 0, ""oi"": 111000, ""option_type"": ""PE"", ""strike_price"": 347, ""oich"": 22000}, {""ask"": 0, ""bid"": 0, ""oi"": 2000, ""option_type"": ""CE"", ""strike_price"": 342, ""oich"": 0}, {""ask"": 0, ""bid"": 0, ""oi"": 48000, ""option_type"": ""CE"", ""strike_price"": 320, ""oich"": -3000}, {""ask"": 0, ""bid"": 0, ""oi"": 216000, ""option_type"": ""CE"", ""strike_price"": 450, ""oich"": -17000}, {""ask"": 0, ""bid"": 0, ""oi"": 1000, ""option_type"": ""CE"", ""strike_price"": 407, ""oich"": 0}, {""ask"": 0, ""bid"": 0, ""oi"": 1231000, ""option_type"": ""CE"", ""strike_price"": 385, ""oich"": 178000}, {""ask"": 0, ""bid"": 0, ""oi"": 297000, ""option_type"": ""PE"", ""strike_price"": 372, ""oich"": 10000}, {""ask"": 0, ""bid"": 0, ""oi"": 258000, ""option_type"": ""PE"", ""strike_price"": 367, ""oich"": -46000}, {""ask"": 0, ""bid"": 0, ""oi"": 203000, ""option_type"": ""PE"", ""strike_price"": 357, ""oich"": 52000}, {""ask"": 0, ""bid"": 0, ""oi"": 256000, ""option_type"": ""PE"", ""strike_price"": 352, ""oich"": 9000}, {""ask"": 0, ""bid"": 0, ""oi"": 0, ""option_type"": ""CE"", ""strike_price"": 337, ""oich"": 0}, {""ask"": 0, ""bid"": 0, ""oi"": 4000, ""option_type"": ""PE"", ""strike_price"": 290, ""oich"": 0}, {""ask"": 0, ""bid"": 0, ""oi"": 223000, ""option_type"": ""PE"", ""strike_price"": 335, ""oich"": 23000}, {""ask"": 0, ""bid"": 0, ""oi"": 0, ""option_type"": ""PE"", ""strike_price"": 337, ""oich"": 0}, {""ask"": 0, ""bid"": 0, ""oi"": 243000, ""option_type"": ""CE"", ""strike_price"": 372, ""oich"": -13000}, {""ask"": 0, ""bid"": 0, ""oi"": 728000, ""option_type"": ""PE"", ""strike_price"": 375, ""oich"": -255000}, {""ask"": 0, ""bid"": 0, ""oi"": 125000, ""option_type"": ""CE"", ""strike_price"": 392, ""oich"": 1000}, {""ask"": 0, ""bid"": 0, ""oi"": 374000, ""option_type"": ""CE"", ""strike_price"": 395, ""oich"": -79000}, {""ask"": 0, ""bid"": 0, ""oi"": 95000, ""option_type"": ""CE"", ""strike_price"": 415, ""oich"": -22000}, {""ask"": 0, ""bid"": 0, ""oi"": 735000, ""option_type"": ""PE"", ""strike_price"": 330, ""oich"": 17000}, {""ask"": 0, ""bid"": 0, ""oi"": 1007000, ""option_type"": ""CE"", ""strike_price"": 410, ""oich"": 8000}, {""ask"": 0, ""bid"": 0, ""oi"": 12000, ""option_type"": ""PE"", ""strike_price"": 395, ""oich"": 0}, {""ask"": 0, ""bid"": 0, ""oi"": 305000, ""option_type"": ""CE"", ""strike_price"": 382, ""oich"": -5000}, {""ask"": 0, ""bid"": 0, ""oi"": 855000, ""option_type"": ""PE"", ""strike_price"": 365, ""oich"": 272000}, {""ask"": 0, ""bid"": 0, ""oi"": 270000, ""option_type"": ""PE"", ""strike_price"": 362, ""oich"": 53000}, {""ask"": 0, ""bid"": 0, ""oi"": 0, ""option_type"": ""CE"", ""strike_price"": 327, ""oich"": 0}, {""ask"": 0, ""bid"": 0, ""oi"": 1527000, ""option_type"": ""PE"", ""strike_price"": 355, ""oich"": 59000}, {""ask"": 0, ""bid"": 0, ""oi"": 3367000, ""option_type"": ""PE"", ""strike_price"": 350, ""oich"": 19000}, {""ask"": 0, ""bid"": 0, ""oi"": 264000, ""option_type"": ""CE"", ""strike_price"": 367, ""oich"": -181000}, {""ask"": 0, ""bid"": 0, ""oi"": 1157000, ""option_type"": ""PE"", ""strike_price"": 370, ""oich"": -77000}, {""ask"": 0, ""bid"": 0, ""oi"": 4083000, ""option_type"": ""CE"", ""strike_price"": 380, ""oich"": -23000}, {""ask"": 0, ""bid"": 0, ""oi"": 119000, ""option_type"": ""PE"", ""strike_price"": 382, ""oich"": 0}, {""ask"": 0, ""bid"": 0, ""oi"": 1440000, ""option_type"": ""CE"", ""strike_price"": 355, ""oich"": 4000}, {""ask"": 0, ""bid"": 0, ""oi"": 8000, ""option_type"": ""CE"", ""strike_price"": 280, ""oich"": 0}, {""ask"": 0, ""bid"": 0, ""oi"": 108000, ""option_type"": ""PE"", ""strike_price"": 310, ""oich"": 0}, {""ask"": 0, ""bid"": 0, ""oi"": 93000, ""option_type"": ""PE"", ""strike_price"": 315, ""oich"": 0}, {""ask"": 0, ""bid"": 0, ""oi"": 202000, ""option_type"": ""CE"", ""strike_price"": 330, ""oich"": 0}, {""ask"": 0, ""bid"": 0, ""oi"": 1426000, ""option_type"": ""PE"", ""strike_price"": 340, ""oich"": 25000}, {""ask"": 0, ""bid"": 0, ""oi"": 2347000, ""option_type"": ""CE"", ""strike_price"": 350, ""oich"": -35000}, {""ask"": 0, ""bid"": 0, ""oi"": 0, ""option_type"": ""PE"", ""strike_price"": 415, ""oich"": 0}, {""ask"": 0, ""bid"": 0, ""oi"": 0, ""option_type"": ""PE"", ""strike_price"": 425, ""oich"": 0}, {""ask"": 0, ""bid"": 0, ""oi"": 2329000, ""option_type"": ""PE"", ""strike_price"": 360, ""oich"": 177000}, {""ask"": 0, ""bid"": 0, ""oi"": 1642000, ""option_type"": ""CE"", ""strike_price"": 390, ""oich"": -58000}, {""ask"": 0, ""bid"": 0, ""oi"": 0, ""option_type"": ""CE"", ""strike_price"": 402, ""oich"": 0}, {""ask"": 0, ""bid"": 0, ""oi"": 0, ""option_type"": ""CE"", ""strike_price"": 425, ""oich"": 0}, {""ask"": 0, ""bid"": 0, ""oi"": 1380000, ""option_type"": ""PE"", ""strike_price"": 400, ""oich"": 0}, {""ask"": 0, ""bid"": 0, ""oi"": 19000, ""option_type"": ""PE"", ""strike_price"": 392, ""oich"": 0}, {""ask"": 0, ""bid"": 0, ""oi"": 152000, ""option_type"": ""CE"", ""strike_price"": 387, ""oich"": -37000}, {""ask"": 0, ""bid"": 0, ""oi"": 180000, ""option_type"": ""PE"", ""strike_price"": 385, ""oich"": 0}, {""ask"": 0, ""bid"": 0, ""oi"": 756000, ""option_type"": ""CE"", ""strike_price"": 365, ""oich"": 355000}, {""ask"": 0, ""bid"": 0, ""oi"": 53000, ""option_type"": ""CE"", ""strike_price"": 352, ""oich"": 0}, {""ask"": 0, ""bid"": 0, ""oi"": 536000, ""option_type"": ""PE"", ""strike_price"": 345, ""oich"": 124000}, {""ask"": 0, ""bid"": 0, ""oi"": 69000, ""option_type"": ""CE"", ""strike_price"": 335, ""oich"": 0}, {""ask"": 0, ""bid"": 0, ""oi"": 0, ""option_type"": ""CE"", ""strike_price"": 310, ""oich"": 0}, {""ask"": 0, ""bid"": 0, ""oi"": 338000, ""option_type"": ""PE"", ""strike_price"": 300, ""oich"": 1000}, {""ask"": 0, ""bid"": 0, ""oi"": 9000, ""option_type"": ""CE"", ""strike_price"": 300, ""oich"": 1000}, {""ask"": 0, ""bid"": 0, ""oi"": 171000, ""option_type"": ""CE"", ""strike_price"": 362, ""oich"": 33000}, {""ask"": 0, ""bid"": 0, ""oi"": 6000, ""option_type"": ""CE"", ""strike_price"": 347, ""oich"": 0}, {""ask"": 0, ""bid"": 0, ""oi"": 28000, ""option_type"": ""PE"", ""strike_price"": 332, ""oich"": 28000}, {""ask"": 0, ""bid"": 0, ""oi"": 1000, ""option_type"": ""PE"", ""strike_price"": 327, ""oich"": 1000}, {""ask"": 0, ""bid"": 0, ""oi"": 135000, ""option_type"": ""PE"", ""strike_price"": 325, ""oich"": -11000}, {""ask"": 0, ""bid"": 0, ""oi"": 8000, ""option_type"": ""PE"", ""strike_price"": 280, ""oich"": 0}, {""ask"": 0, ""bid"": 0, ""oi"": 861000, ""option_type"": ""PE"", ""strike_price"": 430, ""oich"": 0}, {""ask"": 0, ""bid"": 0, ""oi"": 194000, ""option_type"": ""PE"", ""strike_price"": 410, ""oich"": 0}, {""ask"": 0, ""bid"": 0, ""oi"": 4054000, ""option_type"": ""CE"", ""strike_price"": 400, ""oich"": -207000}, {""ask"": 0, ""bid"": 0, ""oi"": 0, ""option_type"": ""PE"", ""strike_price"": 397, ""oich"": 0}, {""ask"": 0, ""bid"": 0, ""oi"": 0, ""option_type"": ""CE"", ""strike_price"": 397, ""oich"": 0}, {""ask"": 0, ""bid"": 0, ""oi"": 4000, ""option_type"": ""PE"", ""strike_price"": 387, ""oich"": 0}, {""ask"": 0, ""bid"": 0, ""oi"": 1063000, ""option_type"": ""PE"", ""strike_price"": 380, ""oich"": -22000}, {""ask"": 0, ""bid"": 0, ""oi"": 812000, ""option_type"": ""CE"", ""strike_price"": 377, ""oich"": -10000}, {""ask"": 0, ""bid"": 0, ""oi"": 0, ""option_type"": ""CE"", ""strike_price"": 305, ""oich"": 0}, {""ask"": 0, ""bid"": 0, ""oi"": 57000, ""option_type"": ""CE"", ""strike_price"": 325, ""oich"": 0}, {""ask"": 0, ""bid"": 0, ""oi"": 200000, ""option_type"": ""CE"", ""strike_price"": 345, ""oich"": -18000}, {""ask"": 0, ""bid"": 0, ""oi"": 1742000, ""option_type"": ""CE"", ""strike_price"": 370, ""oich"": 3000}, {""ask"": 0, ""bid"": 0, ""oi"": 388000, ""option_type"": ""CE"", ""strike_price"": 405, ""oich"": -28000}, {""ask"": 0, ""bid"": 0, ""oi"": 8000, ""option_type"": ""PE"", ""strike_price"": 405, ""oich"": 0}, {""ask"": 0, ""bid"": 0, ""oi"": 0, ""option_type"": ""CE"", ""strike_price"": 332, ""oich"": 0}, {""ask"": 0, ""bid"": 0, ""oi"": 222000, ""option_type"": ""PE"", ""strike_price"": 377, ""oich"": -8000}, {""ask"": 0, ""bid"": 0, ""oi"": 2431000, ""option_type"": ""CE"", ""strike_price"": 360, ""oich"": 54000}, {""ask"": 0, ""bid"": 0, ""oi"": 754000, ""option_type"": ""CE"", ""strike_price"": 340, ""oich"": 0}, {""ask"": 0, ""bid"": 0, ""oi"": 668000, ""option_type"": ""CE"", ""strike_price"": 420, ""oich"": -269000}, {""ask"": 0, ""bid"": 0, ""oi"": 67000, ""option_type"": ""CE"", ""strike_price"": 357, ""oich"": 12000}, {""ask"": 0, ""bid"": 0, ""oi"": 12000, ""option_type"": ""PE"", ""strike_price"": 305, ""oich"": 0}]",20443000,2026-01-09
27280000,,,"[{""ask"": 0, ""bid"": 0, ""oi"": 69000, ""option_type"": ""CE"", ""strike_price"": 335, ""oich"": 0}, {""ask"": 0, ""bid"": 0, ""oi"": 10000, ""option_type"": ""CE"", ""strike_price"": 300, ""oich"": 1000}, {""ask"": 0, ""bid"": 0, ""oi"": 369000, ""option_type"": ""PE"", ""strike_price"": 300, ""oich"": 31000}, {""ask"": 0, ""bid"": 0, ""oi"": 0, ""option_type"": ""CE"", ""strike_price"": 310, ""oich"": 0}, {""ask"": 0, ""bid"": 0, ""oi"": 476000, ""option_type"": ""PE"", ""strike_price"": 345, ""oich"": -60000}, {""ask"": 0, ""bid"": 0, ""oi"": 2275000, ""option_type"": ""PE"", ""strike_price"": 360, ""oich"": -54000}, {""ask"": 0, ""bid"": 0, ""oi"": 1623000, ""option_type"": ""CE"", ""strike_price"": 390, ""oich"": -19000}, {""ask"": 0, ""bid"": 0, ""oi"": 10000, ""option_type"": ""CE"", ""strike_price"": 402, ""oich"": 10000}, {""ask"": 0, ""bid"": 0, ""oi"": 0, ""option_type"": ""PE"", ""strike_price"": 415, ""oich"": 0}, {""ask"": 0, ""bid"": 0, ""oi"": 0, ""option_type"": ""PE"", ""strike_price"": 425, ""oich"": 0}, {""ask"": 0, ""bid"": 0, ""oi"": 119000, ""option_type"": ""PE"", ""strike_price"": 382, ""oich"": 0}, {""ask"": 0, ""bid"": 0, ""oi"": 3911000, ""option_type"": ""CE"", ""strike_price"": 380, ""oich"": -172000}, {""ask"": 0, ""bid"": 0, ""oi"": 1196000, ""option_type"": ""PE"", ""strike_price"": 370, ""oich"": 39000}, {""ask"": 0, ""bid"": 0, ""oi"": 212000, ""option_type"": ""CE"", ""strike_price"": 367, ""oich"": -52000}, {""ask"": 0, ""bid"": 0, ""oi"": 1467000, ""option_type"": ""PE"", ""strike_price"": 355, ""oich"": -60000}, {""ask"": 0, ""bid"": 0, ""oi"": 1391000, ""option_type"": ""CE"", ""strike_price"": 355, ""oich"": -49000}, {""ask"": 0, ""bid"": 0, ""oi"": 3124000, ""option_type"": ""PE"", ""strike_price"": 350, ""oich"": -243000}, {""ask"": 0, ""bid"": 0, ""oi"": 2316000, ""option_type"": ""CE"", ""strike_price"": 350, ""oich"": -31000}, {""ask"": 0, ""bid"": 0, ""oi"": 1361000, ""option_type"": ""PE"", ""strike_price"": 340, ""oich"": -65000}, {""ask"": 0, ""bid"": 0, ""oi"": 199000, ""option_type"": ""CE"", ""strike_price"": 330, ""oich"": -3000}, {""ask"": 0, ""bid"": 0, ""oi"": 91000, ""option_type"": ""PE"", ""strike_price"": 315, ""oich"": -2000}, {""ask"": 0, ""bid"": 0, ""oi"": 108000, ""option_type"": ""PE"", ""strike_price"": 310, ""oich"": 0}, {""ask"": 0, ""bid"": 0, ""oi"": 8000, ""option_type"": ""CE"", ""strike_price"": 280, ""oich"": 0}, {""ask"": 0, ""bid"": 0, ""oi"": 949000, ""option_type"": ""CE"", ""strike_price"": 410, ""oich"": -58000}, {""ask"": 0, ""bid"": 0, ""oi"": 12000, ""option_type"": ""PE"", ""strike_price"": 395, ""oich"": 0}, {""ask"": 0, ""bid"": 0, ""oi"": 302000, ""option_type"": ""CE"", ""strike_price"": 382, ""oich"": -3000}, {""ask"": 0, ""bid"": 0, ""oi"": 852000, ""option_type"": ""PE"", ""strike_price"": 365, ""oich"": -3000}, {""ask"": 0, ""bid"": 0, ""oi"": 331000, ""option_type"": ""PE"", ""strike_price"": 362, ""oich"": 61000}, {""ask"": 0, ""bid"": 0, ""oi"": 0, ""option_type"": ""CE"", ""strike_price"": 327, ""oich"": 0}, {""ask"": 0, ""bid"": 0, ""oi"": 209000, ""option_type"": ""PE"", ""strike_price"": 377, ""oich"": -13000}, {""ask"": 0, ""bid"": 0, ""oi"": 2208000, ""option_type"": ""CE"", ""strike_price"": 360, ""oich"": -223000}, {""ask"": 0, ""bid"": 0, ""oi"": 756000, ""option_type"": ""CE"", ""strike_price"": 340, ""oich"": 2000}, {""ask"": 0, ""bid"": 0, ""oi"": 0, ""option_type"": ""CE"", ""strike_price"": 332, ""oich"": 0}, {""ask"": 0, ""bid"": 0, ""oi"": 648000, ""option_type"": ""CE"", ""strike_price"": 420, ""oich"": -20000}, {""ask"": 0, ""bid"": 0, ""oi"": 49000, ""option_type"": ""CE"", ""strike_price"": 357, ""oich"": -18000}, {""ask"": 0, ""bid"": 0, ""oi"": 441000, ""option_type"": ""CE"", ""strike_price"": 395, ""oich"": 67000}, {""ask"": 0, ""bid"": 0, ""oi"": 131000, ""option_type"": ""CE"", ""strike_price"": 392, ""oich"": 6000}, {""ask"": 0, ""bid"": 0, ""oi"": 664000, ""option_type"": ""PE"", ""strike_price"": 375, ""oich"": -64000}, {""ask"": 0, ""bid"": 0, ""oi"": 100000, ""option_type"": ""CE"", ""strike_price"": 415, ""oich"": 5000}, {""ask"": 0, ""bid"": 0, ""oi"": 219000, ""option_type"": ""CE"", ""strike_price"": 372, ""oich"": -24000}, {""ask"": 0, ""bid"": 0, ""oi"": 0, ""option_type"": ""PE"", ""strike_price"": 337, ""oich"": 0}, {""ask"": 0, ""bid"": 0, ""oi"": 185000, ""option_type"": ""PE"", ""strike_price"": 335, ""oich"": -38000}, {""ask"": 0, ""bid"": 0, ""oi"": 668000, ""option_type"": ""PE"", ""strike_price"": 330, ""oich"": -67000}, {""ask"": 0, ""bid"": 0, ""oi"": 2000, ""option_type"": ""CE"", ""strike_price"": 315, ""oich"": 0}, {""ask"": 0, ""bid"": 0, ""oi"": 12000, ""option_type"": ""PE"", ""strike_price"": 305, ""oich"": 0}, {""ask"": 0, ""bid"": 0, ""oi"": 561000, ""option_type"": ""PE"", ""strike_price"": 320, ""oich"": 5000}, {""ask"": 0, ""bid"": 0, ""oi"": 84000, ""option_type"": ""PE"", ""strike_price"": 342, ""oich"": -5000}, {""ask"": 0, ""bid"": 0, ""oi"": 1460000, ""option_type"": ""CE"", ""strike_price"": 375, ""oich"": -331000}, {""ask"": 0, ""bid"": 0, ""oi"": 0, ""option_type"": ""PE"", ""strike_price"": 407, ""oich"": 0}, {""ask"": 0, ""bid"": 0, ""oi"": 4000, ""option_type"": ""PE"", ""strike_price"": 290, ""oich"": 0}, {""ask"": 0, ""bid"": 0, ""oi"": 0, ""option_type"": ""CE"", ""strike_price"": 337, ""oich"": 0}, {""ask"": 0, ""bid"": 0, ""oi"": 246000, ""option_type"": ""PE"", ""strike_price"": 352, ""oich"": -10000}, {""ask"": 0, ""bid"": 0, ""oi"": 321000, ""option_type"": ""PE"", ""strike_price"": 357, ""oich"": 118000}, {""ask"": 0, ""bid"": 0, ""oi"": 307000, ""option_type"": ""PE"", ""strike_price"": 367, ""oich"": 49000}, {""ask"": 0, ""bid"": 0, ""oi"": 306000, ""option_type"": ""PE"", ""strike_price"": 372, ""oich"": 9000}, {""ask"": 0, ""bid"": 0, ""oi"": 1163000, ""option_type"": ""CE"", ""strike_price"": 385, ""oich"": -68000}, {""ask"": 0, ""bid"": 0, ""oi"": 1000, ""option_type"": ""CE"", ""strike_price"": 407, ""oich"": 0}, {""ask"": 0, ""bid"": 0, ""oi"": 861000, ""option_type"": ""PE"", ""strike_price"": 430, ""oich"": 0}, {""ask"": 0, ""bid"": 0, ""oi"": 192000, ""option_type"": ""PE"", ""strike_price"": 410, ""oich"": -2000}, {""ask"": 0, ""bid"": 0, ""oi"": 3900000, ""option_type"": ""CE"", ""strike_price"": 400, ""oich"": -154000}, {""ask"": 0, ""bid"": 0, ""oi"": 0, ""option_type"": ""PE"", ""strike_price"": 397, ""oich"": 0}, {""ask"": 0, ""bid"": 0, ""oi"": 0, ""option_type"": ""CE"", ""strike_price"": 397, ""oich"": 0}, {""ask"": 0, ""bid"": 0, ""oi"": 4000, ""option_type"": ""PE"", ""strike_price"": 387, ""oich"": 0}, {""ask"": 0, ""bid"": 0, ""oi"": 1006000, ""option_type"": ""PE"", ""strike_price"": 380, ""oich"": -57000}, {""ask"": 0, ""bid"": 0, ""oi"": 592000, ""option_type"": ""CE"", ""strike_price"": 377, ""oich"": -220000}, {""ask"": 0, ""bid"": 0, ""oi"": 139000, ""option_type"": ""CE"", ""strike_price"": 362, ""oich"": -32000}, {""ask"": 0, ""bid"": 0, ""oi"": 6000, ""option_type"": ""CE"", ""strike_price"": 347, ""oich"": 0}, {""ask"": 0, ""bid"": 0, ""oi"": 30000, ""option_type"": ""PE"", ""strike_price"": 332, ""oich"": 2000}, {""ask"": 0, ""bid"": 0, ""oi"": 1000, ""option_type"": ""PE"", ""strike_price"": 327, ""oich"": 0}, {""ask"": 0, ""bid"": 0, ""oi"": 126000, ""option_type"": ""PE"", ""strike_price"": 325, ""oich"": -9000}, {""ask"": 0, ""bid"": 0, ""oi"": 8000, ""option_type"": ""PE"", ""strike_price"": 280, ""oich"": 0}, {""ask"": 0, ""bid"": 0, ""oi"": 203000, ""option_type"": ""CE"", ""strike_price"": 450, ""oich"": -13000}, {""ask"": 0, ""bid"": 0, ""oi"": 753000, ""option_type"": ""CE"", ""strike_price"": 430, ""oich"": 31000}, {""ask"": 0, ""bid"": 0, ""oi"": 302000, ""option_type"": ""PE"", ""strike_price"": 420, ""oich"": -11000}, {""ask"": 0, ""bid"": 0, ""oi"": 0, ""option_type"": ""PE"", ""strike_price"": 402, ""oich"": 0}, {""ask"": 0, ""bid"": 0, ""oi"": 409000, ""option_type"": ""PE"", ""strike_price"": 390, ""oich"": -9000}, {""ask"": 0, ""bid"": 0, ""oi"": 116000, ""option_type"": ""PE"", ""strike_price"": 347, ""oich"": 5000}, {""ask"": 0, ""bid"": 0, ""oi"": 2000, ""option_type"": ""CE"", ""strike_price"": 342, ""oich"": 0}, {""ask"": 0, ""bid"": 0, ""oi"": 48000, ""option_type"": ""CE"", ""strike_price"": 320, ""oich"": 0}, {""ask"": 0, ""bid"": 0, ""oi"": 420000, ""option_type"": ""CE"", ""strike_price"": 405, ""oich"": 32000}, {""ask"": 0, ""bid"": 0, ""oi"": 0, ""option_type"": ""CE"", ""strike_price"": 305, ""oich"": 0}, {""ask"": 0, ""bid"": 0, ""oi"": 57000, ""option_type"": ""CE"", ""strike_price"": 325, ""oich"": 0}, {""ask"": 0, ""bid"": 0, ""oi"": 201000, ""option_type"": ""CE"", ""strike_price"": 345, ""oich"": 1000}, {""ask"": 0, ""bid"": 0, ""oi"": 1795000, ""option_type"": ""CE"", ""strike_price"": 370, ""oich"": 53000}, {""ask"": 0, ""bid"": 0, ""oi"": 8000, ""option_type"": ""PE"", ""strike_price"": 405, ""oich"": 0}, {""ask"": 0, ""bid"": 0, ""oi"": 53000, ""option_type"": ""CE"", ""strike_price"": 352, ""oich"": 0}, {""ask"": 0, ""bid"": 0, ""oi"": 752000, ""option_type"": ""CE"", ""strike_price"": 365, ""oich"": -4000}, {""ask"": 0, ""bid"": 0, ""oi"": 167000, ""option_type"": ""PE"", ""strike_price"": 385, ""oich"": -13000}, {""ask"": 0, ""bid"": 0, ""oi"": 181000, ""option_type"": ""CE"", ""strike_price"": 387, ""oich"": 29000}, {""ask"": 0, ""bid"": 0, ""oi"": 19000, ""option_type"": ""PE"", ""strike_price"": 392, ""oich"": 0}, {""ask"": 0, ""bid"": 0, ""oi"": 1365000, ""option_type"": ""PE"", ""strike_price"": 400, ""oich"": -15000}, {""ask"": 0, ""bid"": 0, ""oi"": 0, ""option_type"": ""CE"", ""strike_price"": 425, ""oich"": 0}]",19962000,2026-01-12
27327000,,,"[{""ask"": 0, ""bid"": 0, ""oi"": 1000, ""option_type"": ""CE"", ""strike_price"": 407, ""oich"": 0}, {""ask"": 0, ""bid"": 0, ""oi"": 1202000, ""option_type"": ""CE"", ""strike_price"": 385, ""oich"": 39000}, {""ask"": 0, ""bid"": 0, ""oi"": 253000, ""option_type"": ""PE"", ""strike_price"": 372, ""oich"": -53000}, {""ask"": 0, ""bid"": 0, ""oi"": 265000, ""option_type"": ""PE"", ""strike_price"": 367, ""oich"": -42000}, {""ask"": 0, ""bid"": 0, ""oi"": 313000, ""option_type"": ""PE"", ""strike_price"": 357, ""oich"": -8000}, {""ask"": 0, ""bid"": 0, ""oi"": 245000, ""option_type"": ""PE"", ""strike_price"": 352, ""oich"": -1000}, {""ask"": 0, ""bid"": 0, ""oi"": 48000, ""option_type"": ""CE"", ""strike_price"": 320, ""oich"": 0}, {""ask"": 0, ""bid"": 0, ""oi"": 119000, ""option_type"": ""PE"", ""strike_price"": 382, ""oich"": 0}, {""ask"": 0, ""bid"": 0, ""oi"": 91000, ""option_type"": ""PE"", ""strike_price"": 315, ""oich"": 0}, {""ask"": 0, ""bid"": 0, ""oi"": 102000, ""option_type"": ""PE"", ""strike_price"": 310, ""oich"": -6000}, {""ask"": 0, ""bid"": 0, ""oi"": 8000, ""option_type"": ""CE"", ""strike_price"": 280, ""oich"": 0}, {""ask"": 0, ""bid"": 0, ""oi"": 199000, ""option_type"": ""CE"", ""strike_price"": 330, ""oich"": 0}, {""ask"": 0, ""bid"": 0, ""oi"": 1315000, ""option_type"": ""PE"", ""strike_price"": 340, ""oich"": -46000}, {""ask"": 0, ""bid"": 0, ""oi"": 2307000, ""option_type"": ""CE"", ""strike_price"": 350, ""oich"": -9000}, {""ask"": 0, ""bid"": 0, ""oi"": 3022000, ""option_type"": ""PE"", ""strike_price"": 350, ""oich"": -102000}, {""ask"": 0, ""bid"": 0, ""oi"": 1381000, ""option_type"": ""CE"", ""strike_price"": 355, ""oich"": -10000}, {""ask"": 0, ""bid"": 0, ""oi"": 1469000, ""option_type"": ""PE"", ""strike_price"": 355, ""oich"": 2000}, {""ask"": 0, ""bid"": 0, ""oi"": 245000, ""option_type"": ""CE"", ""strike_price"": 367, ""oich"": 33000}, {""ask"": 0, ""bid"": 0, ""oi"": 1358000, ""option_type"": ""PE"", ""strike_price"": 370, ""oich"": 162000}, {""ask"": 0, ""bid"": 0, ""oi"": 4102000, ""option_type"": ""CE"", ""strike_price"": 380, ""oich"": 191000}, {""ask"": 0, ""bid"": 0, ""oi"": 602000, ""option_type"": ""CE"", ""strike_price"": 420, ""oich"": -46000}, {""ask"": 0, ""bid"": 0, ""oi"": 48000, ""option_type"": ""CE"", ""strike_price"": 357, ""oich"": -1000}, {""ask"": 0, ""bid"": 0, ""oi"": 0, ""option_type"": ""CE"", ""strike_price"": 305, ""oich"": 0}, {""ask"": 0, ""bid"": 0, ""oi"": 8000, ""option_type"": ""PE"", ""strike_price"": 405, ""oich"": 0}, {""ask"": 0, ""bid"": 0, ""oi"": 409000, ""option_type"": ""CE"", ""strike_price"": 405, ""oich"": -11000}, {""ask"": 0, ""bid"": 0, ""oi"": 2137000, ""option_type"": ""CE"", ""strike_price"": 370, ""oich"": 342000}, {""ask"": 0, ""bid"": 0, ""oi"": 201000, ""option_type"": ""CE"", ""strike_price"": 345, ""oich"": 0}, {""ask"": 0, ""bid"": 0, ""oi"": 57000, ""option_type"": ""CE"", ""strike_price"": 325, ""oich"": 0}, {""ask"": 0, ""bid"": 0, ""oi"": 12000, ""option_type"": ""CE"", ""strike_price"": 402, ""oich"": 2000}, {""ask"": 0, ""bid"": 0, ""oi"": 0, ""option_type"": ""PE"", ""strike_price"": 415, ""oich"": 0}, {""ask"": 0, ""bid"": 0, ""oi"": 0, ""option_type"": ""PE"", ""strike_price"": 425, ""oich"": 0}, {""ask"": 0, ""bid"": 0, ""oi"": 2173000, ""option_type"": ""PE"", ""strike_price"": 360, ""oich"": -102000}, {""ask"": 0, ""bid"": 0, ""oi"": 1628000, ""option_type"": ""CE"", ""strike_price"": 390, ""oich"": 5000}, {""ask"": 0, ""bid"": 0, ""oi"": 562000, ""option_type"": ""PE"", ""strike_price"": 320, ""oich"": 1000}, {""ask"": 0, ""bid"": 0, ""oi"": 82000, ""option_type"": ""PE"", ""strike_price"": 342, ""oich"": -2000}, {""ask"": 0, ""bid"": 0, ""oi"": 1476000, ""option_type"": ""CE"", ""strike_price"": 375, ""oich"": 16000}, {""ask"": 0, ""bid"": 0, ""oi"": 0, ""option_type"": ""PE"", ""strike_price"": 407, ""oich"": 0}, {""ask"": 0, ""bid"": 0, ""oi"": 12000, ""option_type"": ""PE"", ""strike_price"": 305, ""oich"": 0}, {""ask"": 0, ""bid"": 0, ""oi"": 2000, ""option_type"": ""CE"", ""strike_price"": 315, ""oich"": 0}, {""ask"": 0, ""bid"": 0, ""oi"": 202000, ""option_type"": ""PE"", ""strike_price"": 377, ""oich"": -7000}, {""ask"": 0, ""bid"": 0, ""oi"": 2194000, ""option_type"": ""CE"", ""strike_price"": 360, ""oich"": -14000}, {""ask"": 0, ""bid"": 0, ""oi"": 758000, ""option_type"": ""CE"", ""strike_price"": 340, ""oich"": 2000}, {""ask"": 0, ""bid"": 0, ""oi"": 0, ""option_type"": ""CE"", ""strike_price"": 332, ""oich"": 0}, {""ask"": 0, ""bid"": 0, ""oi"": 10000, ""option_type"": ""CE"", ""strike_price"": 300, ""oich"": 0}, {""ask"": 0, ""bid"": 0, ""oi"": 375000, ""option_type"": ""PE"", ""strike_price"": 300, ""oich"": 6000}, {""ask"": 0, ""bid"": 0, ""oi"": 0, ""option_type"": ""CE"", ""strike_price"": 310, ""oich"": 0}, {""ask"": 0, ""bid"": 0, ""oi"": 69000, ""option_type"": ""CE"", ""strike_price"": 335, ""oich"": 0}, {""ask"": 0, ""bid"": 0, ""oi"": 0, ""option_type"": ""CE"", ""strike_price"": 425, ""oich"": 0}, {""ask"": 0, ""bid"": 0, ""oi"": 1367000, ""option_type"": ""PE"", ""strike_price"": 400, ""oich"": 2000}, {""ask"": 0, ""bid"": 0, ""oi"": 19000, ""option_type"": ""PE"", ""strike_price"": 392, ""oich"": 0}, {""ask"": 0, ""bid"": 0, ""oi"": 210000, ""option_type"": ""CE"", ""strike_price"": 387, ""oich"": 29000}, {""ask"": 0, ""bid"": 0, ""oi"": 459000, ""option_type"": ""PE"", ""strike_price"": 345, ""oich"": -17000}, {""ask"": 0, ""bid"": 0, ""oi"": 53000, ""option_type"": ""CE"", ""strike_price"": 352, ""oich"": 0}, {""ask"": 0, ""bid"": 0, ""oi"": 726000, ""option_type"": ""CE"", ""strike_price"": 365, ""oich"": -26000}, {""ask"": 0, ""bid"": 0, ""oi"": 167000, ""option_type"": ""PE"", ""strike_price"": 385, ""oich"": 0}, {""ask"": 0, ""bid"": 0, ""oi"": 30000, ""option_type"": ""PE"", ""strike_price"": 332, ""oich"": 0}, {""ask"": 0, ""bid"": 0, ""oi"": 1000, ""option_type"": ""PE"", ""strike_price"": 327, ""oich"": 0}, {""ask"": 0, ""bid"": 0, ""oi"": 125000, ""option_type"": ""PE"", ""strike_price"": 325, ""oich"": -1000}, {""ask"": 0, ""bid"": 0, ""oi"": 8000, ""option_type"": ""PE"", ""strike_price"": 280, ""oich"": 0}, {""ask"": 0, ""bid"": 0, ""oi"": 861000, ""option_type"": ""PE"", ""strike_price"": 430, ""oich"": 0}, {""ask"": 0, ""bid"": 0, ""oi"": 192000, ""option_type"": ""PE"", ""strike_price"": 410, ""oich"": 0}, {""ask"": 0, ""bid"": 0, ""oi"": 3255000, ""option_type"": ""CE"", ""strike_price"": 400, ""oich"": -645000}, {""ask"": 0, ""bid"": 0, ""oi"": 0, ""option_type"": ""PE"", ""strike_price"": 397, ""oich"": 0}, {""ask"": 0, ""bid"": 0, ""oi"": 0, ""option_type"": ""CE"", ""strike_price"": 397, ""oich"": 0}, {""ask"": 0, ""bid"": 0, ""oi"": 4000, ""option_type"": ""PE"", ""strike_price"": 387, ""oich"": 0}, {""ask"": 0, ""bid"": 0, ""oi"": 1005000, ""option_type"": ""PE"", ""strike_price"": 380, ""oich"": -1000}, {""ask"": 0, ""bid"": 0, ""oi"": 625000, ""option_type"": ""CE"", ""strike_price"": 377, ""oich"": 33000}, {""ask"": 0, ""bid"": 0, ""oi"": 131000, ""option_type"": ""CE"", ""strike_price"": 362, ""oich"": -8000}, {""ask"": 0, ""bid"": 0, ""oi"": 6000, ""option_type"": ""CE"", ""strike_price"": 347, ""oich"": 0}, {""ask"": 0, ""bid"": 0, ""oi"": 905000, ""option_type"": ""PE"", ""strike_price"": 365, ""oich"": 53000}, {""ask"": 0, ""bid"": 0, ""oi"": 298000, ""option_type"": ""PE"", ""strike_price"": 362, ""oich"": -33000}, {""ask"": 0, ""bid"": 0, ""oi"": 0, ""option_type"": ""CE"", ""strike_price"": 327, ""oich"": 0}, {""ask"": 0, ""bid"": 0, ""oi"": 365000, ""option_type"": ""CE"", ""strike_price"": 382, ""oich"": 63000}, {""ask"": 0, ""bid"": 0, ""oi"": 12000, ""option_type"": ""PE"", ""strike_price"": 395, ""oich"": 0}, {""ask"": 0, ""bid"": 0, ""oi"": 937000, ""option_type"": ""CE"", ""strike_price"": 410, ""oich"": -12000}, {""ask"": 0, ""bid"": 0, ""oi"": 100000, ""option_type"": ""CE"", ""strike_price"": 415, ""oich"": 0}, {""ask"": 0, ""bid"": 0, ""oi"": 521000, ""option_type"": ""CE"", ""strike_price"": 395, ""oich"": 80000}, {""ask"": 0, ""bid"": 0, ""oi"": 152000, ""option_type"": ""CE"", ""strike_price"": 392, ""oich"": 21000}, {""ask"": 0, ""bid"": 0, ""oi"": 652000, ""option_type"": ""PE"", ""strike_price"": 375, ""oich"": -12000}, {""ask"": 0, ""bid"": 0, ""oi"": 298000, ""option_type"": ""CE"", ""strike_price"": 372, ""oich"": 79000}, {""ask"": 0, ""bid"": 0, ""oi"": 0, ""option_type"": ""PE"", ""strike_price"": 337, ""oich"": 0}, {""ask"": 0, ""bid"": 0, ""oi"": 195000, ""option_type"": ""PE"", ""strike_price"": 335, ""oich"": 10000}, {""ask"": 0, ""bid"": 0, ""oi"": 714000, ""option_type"": ""PE"", ""strike_price"": 330, ""oich"": 46000}, {""ask"": 0, ""bid"": 0, ""oi"": 2000, ""option_type"": ""CE"", ""strike_price"": 342, ""oich"": 0}, {""ask"": 0, ""bid"": 0, ""oi"": 160000, ""option_type"": ""PE"", ""strike_price"": 347, ""oich"": 44000}, {""ask"": 0, ""bid"": 0, ""oi"": 409000, ""option_type"": ""PE"", ""strike_price"": 390, ""oich"": 0}, {""ask"": 0, ""bid"": 0, ""oi"": 0, ""option_type"": ""PE"", ""strike_price"": 402, ""oich"": 0}, {""ask"": 0, ""bid"": 0, ""oi"": 647000, ""option_type"": ""CE"", ""strike_price"": 430, ""oich"": -106000}, {""ask"": 0, ""bid"": 0, ""oi"": 203000, ""option_type"": ""CE"", ""strike_price"": 450, ""oich"": 0}, {""ask"": 0, ""bid"": 0, ""oi"": 305000, ""option_type"": ""PE"", ""strike_price"": 420, ""oich"": 3000}, {""ask"": 0, ""bid"": 0, ""oi"": 0, ""option_type"": ""CE"", ""strike_price"": 337, ""oich"": 0}, {""ask"": 0, ""bid"": 0, ""oi"": 4000, ""option_type"": ""PE"", ""strike_price"": 290, ""oich"": 0}]",19858000,2026-01-13
26702000,,,"[{""ask"": 0, ""bid"": 0, ""oi"": 6000, ""option_type"": ""CE"", ""strike_price"": 347, ""oich"": 0}, {""ask"": 0, ""bid"": 0, ""oi"": 30000, ""option_type"": ""PE"", ""strike_price"": 332, ""oich"": 0}, {""ask"": 0, ""bid"": 0, ""oi"": 1000, ""option_type"": ""PE"", ""strike_price"": 327, ""oich"": 0}, {""ask"": 0, ""bid"": 0, ""oi"": 125000, ""option_type"": ""PE"", ""strike_price"": 325, ""oich"": 0}, {""ask"": 0, ""bid"": 0, ""oi"": 8000, ""option_type"": ""PE"", ""strike_price"": 280, ""oich"": 0}, {""ask"": 0, ""bid"": 0, ""oi"": 852000, ""option_type"": ""PE"", ""strike_price"": 430, ""oich"": -9000}, {""ask"": 0, ""bid"": 0, ""oi"": 193000, ""option_type"": ""PE"", ""strike_price"": 410, ""oich"": 1000}, {""ask"": 0, ""bid"": 0, ""oi"": 277000, ""option_type"": ""PE"", ""strike_price"": 367, ""oich"": 12000}, {""ask"": 0, ""bid"": 0, ""oi"": 323000, ""option_type"": ""PE"", ""strike_price"": 372, ""oich"": 70000}, {""ask"": 0, ""bid"": 0, ""oi"": 354000, ""option_type"": ""PE"", ""strike_price"": 357, ""oich"": 41000}, {""ask"": 0, ""bid"": 0, ""oi"": 260000, ""option_type"": ""PE"", ""strike_price"": 352, ""oich"": 15000}, {""ask"": 0, ""bid"": 0, ""oi"": 0, ""option_type"": ""CE"", ""strike_price"": 337, ""oich"": 0}, {""ask"": 0, ""bid"": 0, ""oi"": 4000, ""option_type"": ""PE"", ""strike_price"": 290, ""oich"": 0}, {""ask"": 0, ""bid"": 0, ""oi"": 964000, ""option_type"": ""CE"", ""strike_price"": 385, ""oich"": -238000}, {""ask"": 0, ""bid"": 0, ""oi"": 1000, ""option_type"": ""CE"", ""strike_price"": 407, ""oich"": 0}, {""ask"": 0, ""bid"": 0, ""oi"": 643000, ""option_type"": ""PE"", ""strike_price"": 365, ""oich"": -262000}, {""ask"": 0, ""bid"": 0, ""oi"": 279000, ""option_type"": ""PE"", ""strike_price"": 362, ""oich"": -19000}, {""ask"": 0, ""bid"": 0, ""oi"": 0, ""option_type"": ""CE"", ""strike_price"": 327, ""oich"": 0}, {""ask"": 0, ""bid"": 0, ""oi"": 966000, ""option_type"": ""CE"", ""strike_price"": 410, ""oich"": 29000}, {""ask"": 0, ""bid"": 0, ""oi"": 13000, ""option_type"": ""PE"", ""strike_price"": 395, ""oich"": 1000}, {""ask"": 0, ""bid"": 0, ""oi"": 431000, ""option_type"": ""CE"", ""strike_price"": 382, ""oich"": 66000}, {""ask"": 0, ""bid"": 0, ""oi"": 10000, ""option_type"": ""CE"", ""strike_price"": 300, ""oich"": 0}, {""ask"": 0, ""bid"": 0, ""oi"": 375000, ""option_type"": ""PE"", ""strike_price"": 300, ""oich"": 0}, {""ask"": 0, ""bid"": 0, ""oi"": 0, ""option_type"": ""CE"", ""strike_price"": 310, ""oich"": 0}, {""ask"": 0, ""bid"": 0, ""oi"": 68000, ""option_type"": ""CE"", ""strike_price"": 335, ""oich"": -1000}, {""ask"": 0, ""bid"": 0, ""oi"": 544000, ""option_type"": ""PE"", ""strike_price"": 345, ""oich"": 85000}, {""ask"": 0, ""bid"": 0, ""oi"": 53000, ""option_type"": ""CE"", ""strike_price"": 352, ""oich"": 0}, {""ask"": 0, ""bid"": 0, ""oi"": 439000, ""option_type"": ""CE"", ""strike_price"": 365, ""oich"": -287000}, {""ask"": 0, ""bid"": 0, ""oi"": 167000, ""option_type"": ""PE"", ""strike_price"": 385, ""oich"": 0}, {""ask"": 0, ""bid"": 0, ""oi"": 261000, ""option_type"": ""CE"", ""strike_price"": 387, ""oich"": 51000}, {""ask"": 0, ""bid"": 0, ""oi"": 19000, ""option_type"": ""PE"", ""strike_price"": 392, ""oich"": 0}, {""ask"": 0, ""bid"": 0, ""oi"": 1356000, ""option_type"": ""PE"", ""strike_price"": 400, ""oich"": -11000}, {""ask"": 0, ""bid"": 0, ""oi"": 0, ""option_type"": ""CE"", ""strike_price"": 425, ""oich"": 0}, {""ask"": 0, ""bid"": 0, ""oi"": 724000, ""option_type"": ""PE"", ""strike_price"": 330, ""oich"": 10000}, {""ask"": 0, ""bid"": 0, ""oi"": 232000, ""option_type"": ""PE"", ""strike_price"": 335, ""oich"": 37000}, {""ask"": 0, ""bid"": 0, ""oi"": 0, ""option_type"": ""PE"", ""strike_price"": 337, ""oich"": 0}, {""ask"": 0, ""bid"": 0, ""oi"": 372000, ""option_type"": ""CE"", ""strike_price"": 372, ""oich"": 74000}, {""ask"": 0, ""bid"": 0, ""oi"": 650000, ""option_type"": ""PE"", ""strike_price"": 375, ""oich"": -2000}, {""ask"": 0, ""bid"": 0, ""oi"": 237000, ""option_type"": ""CE"", ""strike_price"": 392, ""oich"": 85000}, {""ask"": 0, ""bid"": 0, ""oi"": 661000, ""option_type"": ""CE"", ""strike_price"": 395, ""oich"": 140000}, {""ask"": 0, ""bid"": 0, ""oi"": 86000, ""option_type"": ""CE"", ""strike_price"": 415, ""oich"": -14000}, {""ask"": 0, ""bid"": 0, ""oi"": 408000, ""option_type"": ""PE"", ""strike_price"": 390, ""oich"": -1000}, {""ask"": 0, ""bid"": 0, ""oi"": 2000, ""option_type"": ""CE"", ""strike_price"": 342, ""oich"": 0}, {""ask"": 0, ""bid"": 0, ""oi"": 236000, ""option_type"": ""PE"", ""strike_price"": 347, ""oich"": 76000}, {""ask"": 0, ""bid"": 0, ""oi"": 48000, ""option_type"": ""CE"", ""strike_price"": 320, ""oich"": 0}, {""ask"": 0, ""bid"": 0, ""oi"": 0, ""option_type"": ""PE"", ""strike_price"": 402, ""oich"": 0}, {""ask"": 0, ""bid"": 0, ""oi"": 300000, ""option_type"": ""PE"", ""strike_price"": 420, ""oich"": -5000}, {""ask"": 0, ""bid"": 0, ""oi"": 200000, ""option_type"": ""CE"", ""strike_price"": 450, ""oich"": -3000}, {""ask"": 0, ""bid"": 0, ""oi"": 655000, ""option_type"": ""CE"", ""strike_price"": 430, ""oich"": 8000}, {""ask"": 0, ""bid"": 0, ""oi"": 12000, ""option_type"": ""PE"", ""strike_price"": 305, ""oich"": 0}, {""ask"": 0, ""bid"": 0, ""oi"": 2000, ""option_type"": ""CE"", ""strike_price"": 315, ""oich"": 0}, {""ask"": 0, ""bid"": 0, ""oi"": 562000, ""option_type"": ""PE"", ""strike_price"": 320, ""oich"": 0}, {""ask"": 0, ""bid"": 0, ""oi"": 91000, ""option_type"": ""PE"", ""strike_price"": 342, ""oich"": 9000}, {""ask"": 0, ""bid"": 0, ""oi"": 1488000, ""option_type"": ""CE"", ""strike_price"": 375, ""oich"": 12000}, {""ask"": 0, ""bid"": 0, ""oi"": 0, ""option_type"": ""PE"", ""strike_price"": 407, ""oich"": 0}, {""ask"": 0, ""bid"": 0, ""oi"": 2117000, ""option_type"": ""PE"", ""strike_price"": 360, ""oich"": -56000}, {""ask"": 0, ""bid"": 0, ""oi"": 1752000, ""option_type"": ""CE"", ""strike_price"": 390, ""oich"": 124000}, {""ask"": 0, ""bid"": 0, ""oi"": 12000, ""option_type"": ""CE"", ""strike_price"": 402, ""oich"": 0}, {""ask"": 0, ""bid"": 0, ""oi"": 0, ""option_type"": ""PE"", ""strike_price"": 415, ""oich"": 0}, {""ask"": 0, ""bid"": 0, ""oi"": 0, ""option_type"": ""PE"", ""strike_price"": 425, ""oich"": 0}, {""ask"": 0, ""bid"": 0, ""oi"": 0, ""option_type"": ""CE"", ""strike_price"": 332, ""oich"": 0}, {""ask"": 0, ""bid"": 0, ""oi"": 738000, ""option_type"": ""CE"", ""strike_price"": 340, ""oich"": -20000}, {""ask"": 0, ""bid"": 0, ""oi"": 2164000, ""option_type"": ""CE"", ""strike_price"": 360, ""oich"": -30000}, {""ask"": 0, ""bid"": 0, ""oi"": 201000, ""option_type"": ""PE"", ""strike_price"": 377, ""oich"": -1000}, {""ask"": 0, ""bid"": 0, ""oi"": 1505000, ""option_type"": ""PE"", ""strike_price"": 355, ""oich"": 36000}, {""ask"": 0, ""bid"": 0, ""oi"": 229000, ""option_type"": ""CE"", ""strike_price"": 367, ""oich"": -16000}, {""ask"": 0, ""bid"": 0, ""oi"": 1491000, ""option_type"": ""PE"", ""strike_price"": 370, ""oich"": 133000}, {""ask"": 0, ""bid"": 0, ""oi"": 3895000, ""option_type"": ""CE"", ""strike_price"": 380, ""oich"": -207000}, {""ask"": 0, ""bid"": 0, ""oi"": 114000, ""option_type"": ""PE"", ""strike_price"": 382, ""oich"": -5000}, {""ask"": 0, ""bid"": 0, ""oi"": 8000, ""option_type"": ""CE"", ""strike_price"": 280, ""oich"": 0}, {""ask"": 0, ""bid"": 0, ""oi"": 87000, ""option_type"": ""PE"", ""strike_price"": 310, ""oich"": -15000}, {""ask"": 0, ""bid"": 0, ""oi"": 76000, ""option_type"": ""PE"", ""strike_price"": 315, ""oich"": -15000}, {""ask"": 0, ""bid"": 0, ""oi"": 198000, ""option_type"": ""CE"", ""strike_price"": 330, ""oich"": -1000}, {""ask"": 0, ""bid"": 0, ""oi"": 1326000, ""option_type"": ""PE"", ""strike_price"": 340, ""oich"": 11000}, {""ask"": 0, ""bid"": 0, ""oi"": 2289000, ""option_type"": ""CE"", ""strike_price"": 350, ""oich"": -18000}, {""ask"": 0, ""bid"": 0, ""oi"": 2989000, ""option_type"": ""PE"", ""strike_price"": 350, ""oich"": -33000}, {""ask"": 0, ""bid"": 0, ""oi"": 1378000, ""option_type"": ""CE"", ""strike_price"": 355, ""oich"": -3000}, {""ask"": 0, ""bid"": 0, ""oi"": 416000, ""option_type"": ""CE"", ""strike_price"": 405, ""oich"": 7000}, {""ask"": 0, ""bid"": 0, ""oi"": 201000, ""option_type"": ""CE"", ""strike_price"": 345, ""oich"": 0}, {""ask"": 0, ""bid"": 0, ""oi"": 57000, ""option_type"": ""CE"", ""strike_price"": 325, ""oich"": 0}, {""ask"": 0, ""bid"": 0, ""oi"": 0, ""option_type"": ""CE"", ""strike_price"": 305, ""oich"": 0}, {""ask"": 0, ""bid"": 0, ""oi"": 1900000, ""option_type"": ""CE"", ""strike_price"": 370, ""oich"": -237000}, {""ask"": 0, ""bid"": 0, ""oi"": 8000, ""option_type"": ""PE"", ""strike_price"": 405, ""oich"": 0}, {""ask"": 0, ""bid"": 0, ""oi"": 48000, ""option_type"": ""CE"", ""strike_price"": 357, ""oich"": 0}, {""ask"": 0, ""bid"": 0, ""oi"": 606000, ""option_type"": ""CE"", ""strike_price"": 420, ""oich"": 4000}, {""ask"": 0, ""bid"": 0, ""oi"": 3099000, ""option_type"": ""CE"", ""strike_price"": 400, ""oich"": -156000}, {""ask"": 0, ""bid"": 0, ""oi"": 0, ""option_type"": ""PE"", ""strike_price"": 397, ""oich"": 0}, {""ask"": 0, ""bid"": 0, ""oi"": 0, ""option_type"": ""CE"", ""strike_price"": 397, ""oich"": 0}, {""ask"": 0, ""bid"": 0, ""oi"": 4000, ""option_type"": ""PE"", ""strike_price"": 387, ""oich"": 0}, {""ask"": 0, ""bid"": 0, ""oi"": 985000, ""option_type"": ""PE"", ""strike_price"": 380, ""oich"": -20000}, {""ask"": 0, ""bid"": 0, ""oi"": 626000, ""option_type"": ""CE"", ""strike_price"": 377, ""oich"": 1000}, {""ask"": 0, ""bid"": 0, ""oi"": 136000, ""option_type"": ""CE"", ""strike_price"": 362, ""oich"": 5000}]",19941000,2026-01-14
25964000,,,"[{""ask"": 0, ""bid"": 0, ""oi"": 91000, ""option_type"": ""PE"", ""strike_price"": 342, ""oich"": 0}, {""ask"": 0, ""bid"": 0, ""oi"": 1435000, ""option_type"": ""CE"", ""strike_price"": 375, ""oich"": -53000}, {""ask"": 0, ""bid"": 0, ""oi"": 0, ""option_type"": ""PE"", ""strike_price"": 407, ""oich"": 0}, {""ask"": 0, ""bid"": 0, ""oi"": 901000, ""option_type"": ""CE"", ""strike_price"": 385, ""oich"": -63000}, {""ask"": 0, ""bid"": 0, ""oi"": 1000, ""option_type"": ""CE"", ""strike_price"": 407, ""oich"": 0}, {""ask"": 0, ""bid"": 0, ""oi"": 6000, ""option_type"": ""PE"", ""strike_price"": 290, ""oich"": 2000}, {""ask"": 0, ""bid"": 0, ""oi"": 0, ""option_type"": ""CE"", ""strike_price"": 337, ""oich"": 0}, {""ask"": 0, ""bid"": 0, ""oi"": 244000, ""option_type"": ""PE"", ""strike_price"": 352, ""oich"": -16000}, {""ask"": 0, ""bid"": 0, ""oi"": 399000, ""option_type"": ""PE"", ""strike_price"": 357, ""oich"": 45000}, {""ask"": 0, ""bid"": 0, ""oi"": 343000, ""option_type"": ""PE"", ""strike_price"": 367, ""oich"": 66000}, {""ask"": 0, ""bid"": 0, ""oi"": 246000, ""option_type"": ""PE"", ""strike_price"": 372, ""oich"": -77000}, {""ask"": 0, ""bid"": 0, ""oi"": 87000, ""option_type"": ""CE"", ""strike_price"": 415, ""oich"": 1000}, {""ask"": 0, ""bid"": 0, ""oi"": 710000, ""option_type"": ""PE"", ""strike_price"": 330, ""oich"": -14000}, {""ask"": 0, ""bid"": 0, ""oi"": 226000, ""option_type"": ""PE"", ""strike_price"": 335, ""oich"": -6000}, {""ask"": 0, ""bid"": 0, ""oi"": 0, ""option_type"": ""PE"", ""strike_price"": 337, ""oich"": 0}, {""ask"": 0, ""bid"": 0, ""oi"": 179000, ""option_type"": ""CE"", ""strike_price"": 372, ""oich"": -193000}, {""ask"": 0, ""bid"": 0, ""oi"": 662000, ""option_type"": ""CE"", ""strike_price"": 395, ""oich"": 1000}, {""ask"": 0, ""bid"": 0, ""oi"": 999000, ""option_type"": ""PE"", ""strike_price"": 375, ""oich"": 349000}, {""ask"": 0, ""bid"": 0, ""oi"": 235000, ""option_type"": ""CE"", ""strike_price"": 392, ""oich"": -2000}, {""ask"": 0, ""bid"": 0, ""oi"": 0, ""option_type"": ""CE"", ""strike_price"": 332, ""oich"": 0}, {""ask"": 0, ""bid"": 0, ""oi"": 245000, ""option_type"": ""PE"", ""strike_price"": 377, ""oich"": 44000}, {""ask"": 0, ""bid"": 0, ""oi"": 2108000, ""option_type"": ""CE"", ""strike_price"": 360, ""oich"": -56000}, {""ask"": 0, ""bid"": 0, ""oi"": 695000, ""option_type"": ""CE"", ""strike_price"": 340, ""oich"": -43000}, {""ask"": 0, ""bid"": 0, ""oi"": 0, ""option_type"": ""PE"", ""strike_price"": 402, ""oich"": 0}, {""ask"": 0, ""bid"": 0, ""oi"": 399000, ""option_type"": ""PE"", ""strike_price"": 390, ""oich"": -9000}, {""ask"": 0, ""bid"": 0, ""oi"": 2000, ""option_type"": ""CE"", ""strike_price"": 342, ""oich"": 0}, {""ask"": 0, ""bid"": 0, ""oi"": 213000, ""option_type"": ""PE"", ""strike_price"": 347, ""oich"": -23000}, {""ask"": 0, ""bid"": 0, ""oi"": 48000, ""option_type"": ""CE"", ""strike_price"": 320, ""oich"": 0}, {""ask"": 0, ""bid"": 0, ""oi"": 194000, ""option_type"": ""CE"", ""strike_price"": 450, ""oich"": -6000}, {""ask"": 0, ""bid"": 0, ""oi"": 620000, ""option_type"": ""CE"", ""strike_price"": 430, ""oich"": -35000}, {""ask"": 0, ""bid"": 0, ""oi"": 290000, ""option_type"": ""PE"", ""strike_price"": 420, ""oich"": -10000}, {""ask"": 0, ""bid"": 0, ""oi"": 196000, ""option_type"": ""CE"", ""strike_price"": 330, ""oich"": -2000}, {""ask"": 0, ""bid"": 0, ""oi"": 1274000, ""option_type"": ""PE"", ""strike_price"": 340, ""oich"": -52000}, {""ask"": 0, ""bid"": 0, ""oi"": 2251000, ""option_type"": ""CE"", ""strike_price"": 350, ""oich"": -38000}, {""ask"": 0, ""bid"": 0, ""oi"": 2820000, ""option_type"": ""PE"", ""strike_price"": 350, ""oich"": -169000}, {""ask"": 0, ""bid"": 0, ""oi"": 1356000, ""option_type"": ""CE"", ""strike_price"": 355, ""oich"": -22000}, {""ask"": 0, ""bid"": 0, ""oi"": 1448000, ""option_type"": ""PE"", ""strike_price"": 355, ""oich"": -57000}, {""ask"": 0, ""bid"": 0, ""oi"": 100000, ""option_type"": ""PE"", ""strike_price"": 382, ""oich"": -14000}, {""ask"": 0, ""bid"": 0, ""oi"": 4007000, ""option_type"": ""CE"", ""strike_price"": 380, ""oich"": 112000}, {""ask"": 0, ""bid"": 0, ""oi"": 965000, ""option_type"": ""PE"", ""strike_price"": 370, ""oich"": -526000}, {""ask"": 0, ""bid"": 0, ""oi"": 209000, ""option_type"": ""CE"", ""strike_price"": 367, ""oich"": -20000}, {""ask"": 0, ""bid"": 0, ""oi"": 8000, ""option_type"": ""CE"", ""strike_price"": 280, ""oich"": 0}, {""ask"": 0, ""bid"": 0, ""oi"": 86000, ""option_type"": ""PE"", ""strike_price"": 310, ""oich"": -1000}, {""ask"": 0, ""bid"": 0, ""oi"": 76000, ""option_type"": ""PE"", ""strike_price"": 315, ""oich"": 0}, {""ask"": 0, ""bid"": 0, ""oi"": 8000, ""option_type"": ""PE"", ""strike_price"": 280, ""oich"": 0}, {""ask"": 0, ""bid"": 0, ""oi"": 127000, ""option_type"": ""PE"", ""strike_price"": 325, ""oich"": 2000}, {""ask"": 0, ""bid"": 0, ""oi"": 1000, ""option_type"": ""PE"", ""strike_price"": 327, ""oich"": 0}, {""ask"": 0, ""bid"": 0, ""oi"": 30000, ""option_type"": ""PE"", ""strike_price"": 332, ""oich"": 0}, {""ask"": 0, ""bid"": 0, ""oi"": 6000, ""option_type"": ""CE"", ""strike_price"": 347, ""oich"": 0}, {""ask"": 0, ""bid"": 0, ""oi"": 136000, ""option_type"": ""CE"", ""strike_price"": 362, ""oich"": 0}, {""ask"": 0, ""bid"": 0, ""oi"": 731000, ""option_type"": ""CE"", ""strike_price"": 377, ""oich"": 105000}, {""ask"": 0, ""bid"": 0, ""oi"": 935000, ""option_type"": ""PE"", ""strike_price"": 380, ""oich"": -50000}, {""ask"": 0, ""bid"": 0, ""oi"": 4000, ""option_type"": ""PE"", ""strike_price"": 387, ""oich"": 0}, {""ask"": 0, ""bid"": 0, ""oi"": 24000, ""option_type"": ""CE"", ""strike_price"": 397, ""oich"": 24000}, {""ask"": 0, ""bid"": 0, ""oi"": 0, ""option_type"": ""PE"", ""strike_price"": 397, ""oich"": 0}, {""ask"": 0, ""bid"": 0, ""oi"": 3036000, ""option_type"": ""CE"", ""strike_price"": 400, ""oich"": -63000}, {""ask"": 0, ""bid"": 0, ""oi"": 191000, ""option_type"": ""PE"", ""strike_price"": 410, ""oich"": -2000}, {""ask"": 0, ""bid"": 0, ""oi"": 821000, ""option_type"": ""PE"", ""strike_price"": 430, ""oich"": -31000}, {""ask"": 0, ""bid"": 0, ""oi"": 0, ""option_type"": ""PE"", ""strike_price"": 425, ""oich"": 0}, {""ask"": 0, ""bid"": 0, ""oi"": 0, ""option_type"": ""PE"", ""strike_price"": 415, ""oich"": 0}, {""ask"": 0, ""bid"": 0, ""oi"": 21000, ""option_type"": ""CE"", ""strike_price"": 402, ""oich"": 9000}, {""ask"": 0, ""bid"": 0, ""oi"": 1932000, ""option_type"": ""CE"", ""strike_price"": 390, ""oich"": 180000}, {""ask"": 0, ""bid"": 0, ""oi"": 2153000, ""option_type"": ""PE"", ""strike_price"": 360, ""oich"": 36000}, {""ask"": 0, ""bid"": 0, ""oi"": 667000, ""option_type"": ""CE"", ""strike_price"": 420, ""oich"": 61000}, {""ask"": 0, ""bid"": 0, ""oi"": 53000, ""option_type"": ""CE"", ""strike_price"": 357, ""oich"": 5000}, {""ask"": 0, ""bid"": 0, ""oi"": 11000, ""option_type"": ""CE"", ""strike_price"": 300, ""oich"": 1000}, {""ask"": 0, ""bid"": 0, ""oi"": 375000, ""option_type"": ""PE"", ""strike_price"": 300, ""oich"": 0}, {""ask"": 0, ""bid"": 0, ""oi"": 0, ""option_type"": ""CE"", ""strike_price"": 310, ""oich"": 0}, {""ask"": 0, ""bid"": 0, ""oi"": 68000, ""option_type"": ""CE"", ""strike_price"": 335, ""oich"": 0}, {""ask"": 0, ""bid"": 0, ""oi"": 521000, ""option_type"": ""PE"", ""strike_price"": 345, ""oich"": -23000}, {""ask"": 0, ""bid"": 0, ""oi"": 53000, ""option_type"": ""CE"", ""strike_price"": 352, ""oich"": 0}, {""ask"": 0, ""bid"": 0, ""oi"": 413000, ""option_type"": ""CE"", ""strike_price"": 365, ""oich"": -26000}, {""ask"": 0, ""bid"": 0, ""oi"": 165000, ""option_type"": ""PE"", ""strike_price"": 385, ""oich"": -2000}, {""ask"": 0, ""bid"": 0, ""oi"": 307000, ""option_type"": ""CE"", ""strike_price"": 387, ""oich"": 46000}, {""ask"": 0, ""bid"": 0, ""oi"": 19000, ""option_type"": ""PE"", ""strike_price"": 392, ""oich"": 0}, {""ask"": 0, ""bid"": 0, ""oi"": 1315000, ""option_type"": ""PE"", ""strike_price"": 400, ""oich"": -41000}, {""ask"": 0, ""bid"": 0, ""oi"": 0, ""option_type"": ""CE"", ""strike_price"": 425, ""oich"": 0}, {""ask"": 0, ""bid"": 0, ""oi"": 0, ""option_type"": ""CE"", ""strike_price"": 327, ""oich"": 0}, {""ask"": 0, ""bid"": 0, ""oi"": 289000, ""option_type"": ""PE"", ""strike_price"": 362, ""oich"": 10000}, {""ask"": 0, ""bid"": 0, ""oi"": 508000, ""option_type"": ""PE"", ""strike_price"": 365, ""oich"": -135000}, {""ask"": 0, ""bid"": 0, ""oi"": 281000, ""option_type"": ""CE"", ""strike_price"": 382, ""oich"": -150000}, {""ask"": 0, ""bid"": 0, ""oi"": 13000, ""option_type"": ""PE"", ""strike_price"": 395, ""oich"": 0}, {""ask"": 0, ""bid"": 0, ""oi"": 997000, ""option_type"": ""CE"", ""strike_price"": 410, ""oich"": 31000}, {""ask"": 0, ""bid"": 0, ""oi"": 1348000, ""option_type"": ""CE"", ""strike_price"": 370, ""oich"": -552000}, {""ask"": 0, ""bid"": 0, ""oi"": 201000, ""option_type"": ""CE"", ""strike_price"": 345, ""oich"": 0}, {""ask"": 0, ""bid"": 0, ""oi"": 57000, ""option_type"": ""CE"", ""strike_price"": 325, ""oich"": 0}, {""ask"": 0, ""bid"": 0, ""oi"": 0, ""option_type"": ""CE"", ""strike_price"": 305, ""oich"": 0}, {""ask"": 0, ""bid"": 0, ""oi"": 426000, ""option_type"": ""CE"", ""strike_price"": 405, ""oich"": 10000}, {""ask"": 0, ""bid"": 0, ""oi"": 8000, ""option_type"": ""PE"", ""strike_price"": 405, ""oich"": 0}, {""ask"": 0, ""bid"": 0, ""oi"": 12000, ""option_type"": ""PE"", ""strike_price"": 305, ""oich"": 0}, {""ask"": 0, ""bid"": 0, ""oi"": 2000, ""option_type"": ""CE"", ""strike_price"": 315, ""oich"": 0}, {""ask"": 0, ""bid"": 0, ""oi"": 583000, ""option_type"": ""PE"", ""strike_price"": 320, ""oich"": 21000}]",19258000,2026-01-16
25117000,,,"[{""ask"": 0, ""bid"": 0, ""oi"": 6000, ""option_type"": ""PE"", ""strike_price"": 290, ""oich"": 0}, {""ask"": 0, ""bid"": 0, ""oi"": 0, ""option_type"": ""CE"", ""strike_price"": 337, ""oich"": 0}, {""ask"": 0, ""bid"": 0, ""oi"": 210000, ""option_type"": ""PE"", ""strike_price"": 352, ""oich"": -34000}, {""ask"": 0, ""bid"": 0, ""oi"": 8000, ""option_type"": ""PE"", ""strike_price"": 280, ""oich"": 0}, {""ask"": 0, ""bid"": 0, ""oi"": 1000, ""option_type"": ""PE"", ""strike_price"": 327, ""oich"": 0}, {""ask"": 0, ""bid"": 0, ""oi"": 30000, ""option_type"": ""PE"", ""strike_price"": 332, ""oich"": 0}, {""ask"": 0, ""bid"": 0, ""oi"": 6000, ""option_type"": ""CE"", ""strike_price"": 347, ""oich"": 0}, {""ask"": 0, ""bid"": 0, ""oi"": 136000, ""option_type"": ""CE"", ""strike_price"": 362, ""oich"": 0}, {""ask"": 0, ""bid"": 0, ""oi"": 745000, ""option_type"": ""CE"", ""strike_price"": 377, ""oich"": 14000}, {""ask"": 0, ""bid"": 0, ""oi"": 893000, ""option_type"": ""PE"", ""strike_price"": 380, ""oich"": -42000}, {""ask"": 0, ""bid"": 0, ""oi"": 4000, ""option_type"": ""PE"", ""strike_price"": 387, ""oich"": 0}, {""ask"": 0, ""bid"": 0, ""oi"": 59000, ""option_type"": ""CE"", ""strike_price"": 397, ""oich"": 35000}, {""ask"": 0, ""bid"": 0, ""oi"": 0, ""option_type"": ""PE"", ""strike_price"": 397, ""oich"": 0}, {""ask"": 0, ""bid"": 0, ""oi"": 2473000, ""option_type"": ""CE"", ""strike_price"": 400, ""oich"": -563000}, {""ask"": 0, ""bid"": 0, ""oi"": 185000, ""option_type"": ""PE"", ""strike_price"": 410, ""oich"": -6000}, {""ask"": 0, ""bid"": 0, ""oi"": 811000, ""option_type"": ""PE"", ""strike_price"": 430, ""oich"": -10000}, {""ask"": 0, ""bid"": 0, ""oi"": 116000, ""option_type"": ""PE"", ""strike_price"": 325, ""oich"": -11000}, {""ask"": 0, ""bid"": 0, ""oi"": 48000, ""option_type"": ""CE"", ""strike_price"": 320, ""oich"": 0}, {""ask"": 0, ""bid"": 0, ""oi"": 2000, ""option_type"": ""CE"", ""strike_price"": 342, ""oich"": 0}, {""ask"": 0, ""bid"": 0, ""oi"": 200000, ""option_type"": ""PE"", ""strike_price"": 347, ""oich"": -13000}, {""ask"": 0, ""bid"": 0, ""oi"": 393000, ""option_type"": ""PE"", ""strike_price"": 390, ""oich"": -6000}, {""ask"": 0, ""bid"": 0, ""oi"": 0, ""option_type"": ""PE"", ""strike_price"": 402, ""oich"": 0}, {""ask"": 0, ""bid"": 0, ""oi"": 279000, ""option_type"": ""PE"", ""strike_price"": 420, ""oich"": -11000}, {""ask"": 0, ""bid"": 0, ""oi"": 624000, ""option_type"": ""CE"", ""strike_price"": 430, ""oich"": 4000}, {""ask"": 0, ""bid"": 0, ""oi"": 194000, ""option_type"": ""CE"", ""strike_price"": 450, ""oich"": 0}, {""ask"": 0, ""bid"": 0, ""oi"": 2028000, ""option_type"": ""CE"", ""strike_price"": 360, ""oich"": -80000}, {""ask"": 0, ""bid"": 0, ""oi"": 664000, ""option_type"": ""CE"", ""strike_price"": 340, ""oich"": -31000}, {""ask"": 0, ""bid"": 0, ""oi"": 0, ""option_type"": ""CE"", ""strike_price"": 332, ""oich"": 0}, {""ask"": 0, ""bid"": 0, ""oi"": 234000, ""option_type"": ""PE"", ""strike_price"": 377, ""oich"": -11000}, {""ask"": 0, ""bid"": 0, ""oi"": 66000, ""option_type"": ""CE"", ""strike_price"": 415, ""oich"": -21000}, {""ask"": 0, ""bid"": 0, ""oi"": 570000, ""option_type"": ""CE"", ""strike_price"": 395, ""oich"": -92000}, {""ask"": 0, ""bid"": 0, ""oi"": 247000, ""option_type"": ""CE"", ""strike_price"": 392, ""oich"": 12000}, {""ask"": 0, ""bid"": 0, ""oi"": 1000000, ""option_type"": ""PE"", ""strike_price"": 375, ""oich"": 1000}, {""ask"": 0, ""bid"": 0, ""oi"": 289000, ""option_type"": ""CE"", ""strike_price"": 372, ""oich"": 110000}, {""ask"": 0, ""bid"": 0, ""oi"": 0, ""option_type"": ""PE"", ""strike_price"": 337, ""oich"": 0}, {""ask"": 0, ""bid"": 0, ""oi"": 223000, ""option_type"": ""PE"", ""strike_price"": 335, ""oich"": -3000}, {""ask"": 0, ""bid"": 0, ""oi"": 689000, ""option_type"": ""PE"", ""strike_price"": 330, ""oich"": -21000}, {""ask"": 0, ""bid"": 0, ""oi"": 1195000, ""option_type"": ""PE"", ""strike_price"": 340, ""oich"": -79000}, {""ask"": 0, ""bid"": 0, ""oi"": 69000, ""option_type"": ""PE"", ""strike_price"": 310, ""oich"": -17000}, {""ask"": 0, ""bid"": 0, ""oi"": 76000, ""option_type"": ""PE"", ""strike_price"": 315, ""oich"": 0}, {""ask"": 0, ""bid"": 0, ""oi"": 8000, ""option_type"": ""CE"", ""strike_price"": 280, ""oich"": 0}, {""ask"": 0, ""bid"": 0, ""oi"": 196000, ""option_type"": ""CE"", ""strike_price"": 330, ""oich"": 0}, {""ask"": 0, ""bid"": 0, ""oi"": 2111000, ""option_type"": ""CE"", ""strike_price"": 350, ""oich"": -140000}, {""ask"": 0, ""bid"": 0, ""oi"": 2692000, ""option_type"": ""PE"", ""strike_price"": 350, ""oich"": -128000}, {""ask"": 0, ""bid"": 0, ""oi"": 1321000, ""option_type"": ""CE"", ""strike_price"": 355, ""oich"": -35000}, {""ask"": 0, ""bid"": 0, ""oi"": 1406000, ""option_type"": ""PE"", ""strike_price"": 355, ""oich"": -42000}, {""ask"": 0, ""bid"": 0, ""oi"": 185000, ""option_type"": ""CE"", ""strike_price"": 367, ""oich"": -24000}, {""ask"": 0, ""bid"": 0, ""oi"": 1079000, ""option_type"": ""PE"", ""strike_price"": 370, ""oich"": 114000}, {""ask"": 0, ""bid"": 0, ""oi"": 4010000, ""option_type"": ""CE"", ""strike_price"": 380, ""oich"": 3000}, {""ask"": 0, ""bid"": 0, ""oi"": 109000, ""option_type"": ""PE"", ""strike_price"": 382, ""oich"": 9000}, {""ask"": 0, ""bid"": 0, ""oi"": 11000, ""option_type"": ""CE"", ""strike_price"": 300, ""oich"": 0}, {""ask"": 0, ""bid"": 0, ""oi"": 0, ""option_type"": ""CE"", ""strike_price"": 425, ""oich"": 0}, {""ask"": 0, ""bid"": 0, ""oi"": 1115000, ""option_type"": ""PE"", ""strike_price"": 400, ""oich"": -200000}, {""ask"": 0, ""bid"": 0, ""oi"": 20000, ""option_type"": ""PE"", ""strike_price"": 392, ""oich"": 1000}, {""ask"": 0, ""bid"": 0, ""oi"": 254000, ""option_type"": ""CE"", ""strike_price"": 387, ""oich"": -53000}, {""ask"": 0, ""bid"": 0, ""oi"": 164000, ""option_type"": ""PE"", ""strike_price"": 385, ""oich"": -1000}, {""ask"": 0, ""bid"": 0, ""oi"": 402000, ""option_type"": ""CE"", ""strike_price"": 365, ""oich"": -11000}, {""ask"": 0, ""bid"": 0, ""oi"": 53000, ""option_type"": ""CE"", ""strike_price"": 352, ""oich"": 0}, {""ask"": 0, ""bid"": 0, ""oi"": 463000, ""option_type"": ""PE"", ""strike_price"": 345, ""oich"": -58000}, {""ask"": 0, ""bid"": 0, ""oi"": 68000, ""option_type"": ""CE"", ""strike_price"": 335, ""oich"": 0}, {""ask"": 0, ""bid"": 0, ""oi"": 0, ""option_type"": ""CE"", ""strike_price"": 310, ""oich"": 0}, {""ask"": 0, ""bid"": 0, ""oi"": 357000, ""option_type"": ""PE"", ""strike_price"": 300, ""oich"": -18000}, {""ask"": 0, ""bid"": 0, ""oi"": 1369000, ""option_type"": ""CE"", ""strike_price"": 370, ""oich"": 21000}, {""ask"": 0, ""bid"": 0, ""oi"": 434000, ""option_type"": ""CE"", ""strike_price"": 405, ""oich"": 8000}, {""ask"": 0, ""bid"": 0, ""oi"": 8000, ""option_type"": ""PE"", ""strike_price"": 405, ""oich"": 0}, {""ask"": 0, ""bid"": 0, ""oi"": 201000, ""option_type"": ""CE"", ""strike_price"": 345, ""oich"": 0}, {""ask"": 0, ""bid"": 0, ""oi"": 57000, ""option_type"": ""CE"", ""strike_price"": 325, ""oich"": 0}, {""ask"": 0, ""bid"": 0, ""oi"": 0, ""option_type"": ""CE"", ""strike_price"": 305, ""oich"": 0}, {""ask"": 0, ""bid"": 0, ""oi"": 927000, ""option_type"": ""CE"", ""strike_price"": 410, ""oich"": -70000}, {""ask"": 0, ""bid"": 0, ""oi"": 13000, ""option_type"": ""PE"", ""strike_price"": 395, ""oich"": 0}, {""ask"": 0, ""bid"": 0, ""oi"": 293000, ""option_type"": ""CE"", ""strike_price"": 382, ""oich"": 12000}, {""ask"": 0, ""bid"": 0, ""oi"": 467000, ""option_type"": ""PE"", ""strike_price"": 365, ""oich"": -41000}, {""ask"": 0, ""bid"": 0, ""oi"": 261000, ""option_type"": ""PE"", ""strike_price"": 362, ""oich"": -28000}, {""ask"": 0, ""bid"": 0, ""oi"": 0, ""option_type"": ""CE"", ""strike_price"": 327, ""oich"": 0}, {""ask"": 0, ""bid"": 0, ""oi"": 64000, ""option_type"": ""CE"", ""strike_price"": 357, ""oich"": 11000}, {""ask"": 0, ""bid"": 0, ""oi"": 569000, ""option_type"": ""CE"", ""strike_price"": 420, ""oich"": -98000}, {""ask"": 0, ""bid"": 0, ""oi"": 12000, ""option_type"": ""PE"", ""strike_price"": 305, ""oich"": 0}, {""ask"": 0, ""bid"": 0, ""oi"": 562000, ""option_type"": ""PE"", ""strike_price"": 320, ""oich"": -21000}, {""ask"": 0, ""bid"": 0, ""oi"": 87000, ""option_type"": ""PE"", ""strike_price"": 342, ""oich"": -4000}, {""ask"": 0, ""bid"": 0, ""oi"": 1571000, ""option_type"": ""CE"", ""strike_price"": 375, ""oich"": 136000}, {""ask"": 0, ""bid"": 0, ""oi"": 0, ""option_type"": ""PE"", ""strike_price"": 407, ""oich"": 0}, {""ask"": 0, ""bid"": 0, ""oi"": 2000, ""option_type"": ""CE"", ""strike_price"": 315, ""oich"": 0}, {""ask"": 0, ""bid"": 0, ""oi"": 2033000, ""option_type"": ""CE"", ""strike_price"": 390, ""oich"": 101000}, {""ask"": 0, ""bid"": 0, ""oi"": 2038000, ""option_type"": ""PE"", ""strike_price"": 360, ""oich"": -115000}, {""ask"": 0, ""bid"": 0, ""oi"": 0, ""option_type"": ""PE"", ""strike_price"": 425, ""oich"": 0}, {""ask"": 0, ""bid"": 0, ""oi"": 0, ""option_type"": ""PE"", ""strike_price"": 415, ""oich"": 0}, {""ask"": 0, ""bid"": 0, ""oi"": 38000, ""option_type"": ""CE"", ""strike_price"": 402, ""oich"": 17000}, {""ask"": 0, ""bid"": 0, ""oi"": 374000, ""option_type"": ""PE"", ""strike_price"": 357, ""oich"": -25000}, {""ask"": 0, ""bid"": 0, ""oi"": 370000, ""option_type"": ""PE"", ""strike_price"": 367, ""oich"": 27000}, {""ask"": 0, ""bid"": 0, ""oi"": 318000, ""option_type"": ""PE"", ""strike_price"": 372, ""oich"": 72000}, {""ask"": 0, ""bid"": 0, ""oi"": 788000, ""option_type"": ""CE"", ""strike_price"": 385, ""oich"": -113000}, {""ask"": 0, ""bid"": 0, ""oi"": 1000, ""option_type"": ""CE"", ""strike_price"": 407, ""oich"": 0}]",18537000,2026-01-19
24250000,,,"[{""ask"": 0, ""bid"": 0, ""oi"": 0, ""option_type"": ""CE"", ""strike_price"": 305, ""oich"": 0}, {""ask"": 0, ""bid"": 0, ""oi"": 57000, ""option_type"": ""CE"", ""strike_price"": 325, ""oich"": 0}, {""ask"": 0, ""bid"": 0, ""oi"": 196000, ""option_type"": ""CE"", ""strike_price"": 345, ""oich"": -5000}, {""ask"": 0, ""bid"": 0, ""oi"": 797000, ""option_type"": ""PE"", ""strike_price"": 430, ""oich"": -14000}, {""ask"": 0, ""bid"": 0, ""oi"": 181000, ""option_type"": ""PE"", ""strike_price"": 410, ""oich"": -4000}, {""ask"": 0, ""bid"": 0, ""oi"": 2068000, ""option_type"": ""CE"", ""strike_price"": 400, ""oich"": -405000}, {""ask"": 0, ""bid"": 0, ""oi"": 0, ""option_type"": ""PE"", ""strike_price"": 397, ""oich"": 0}, {""ask"": 0, ""bid"": 0, ""oi"": 59000, ""option_type"": ""CE"", ""strike_price"": 397, ""oich"": 0}, {""ask"": 0, ""bid"": 0, ""oi"": 4000, ""option_type"": ""PE"", ""strike_price"": 387, ""oich"": 0}, {""ask"": 0, ""bid"": 0, ""oi"": 829000, ""option_type"": ""PE"", ""strike_price"": 380, ""oich"": -64000}, {""ask"": 0, ""bid"": 0, ""oi"": 727000, ""option_type"": ""CE"", ""strike_price"": 377, ""oich"": -18000}, {""ask"": 0, ""bid"": 0, ""oi"": 205000, ""option_type"": ""CE"", ""strike_price"": 362, ""oich"": 69000}, {""ask"": 0, ""bid"": 0, ""oi"": 9000, ""option_type"": ""CE"", ""strike_price"": 347, ""oich"": 3000}, {""ask"": 0, ""bid"": 0, ""oi"": 29000, ""option_type"": ""PE"", ""strike_price"": 332, ""oich"": -1000}, {""ask"": 0, ""bid"": 0, ""oi"": 1000, ""option_type"": ""PE"", ""strike_price"": 327, ""oich"": 0}, {""ask"": 0, ""bid"": 0, ""oi"": 99000, ""option_type"": ""PE"", ""strike_price"": 325, ""oich"": -17000}, {""ask"": 0, ""bid"": 0, ""oi"": 8000, ""option_type"": ""PE"", ""strike_price"": 280, ""oich"": 0}, {""ask"": 0, ""bid"": 0, ""oi"": 1911000, ""option_type"": ""CE"", ""strike_price"": 370, ""oich"": 542000}, {""ask"": 0, ""bid"": 0, ""oi"": 340000, ""option_type"": ""CE"", ""strike_price"": 405, ""oich"": -94000}, {""ask"": 0, ""bid"": 0, ""oi"": 8000, ""option_type"": ""PE"", ""strike_price"": 405, ""oich"": 0}, {""ask"": 0, ""bid"": 0, ""oi"": 1866000, ""option_type"": ""PE"", ""strike_price"": 360, ""oich"": -172000}, {""ask"": 0, ""bid"": 0, ""oi"": 1685000, ""option_type"": ""CE"", ""strike_price"": 390, ""oich"": -348000}, {""ask"": 0, ""bid"": 0, ""oi"": 34000, ""option_type"": ""CE"", ""strike_price"": 402, ""oich"": -4000}, {""ask"": 0, ""bid"": 0, ""oi"": 0, ""option_type"": ""PE"", ""strike_price"": 415, ""oich"": 0}, {""ask"": 0, ""bid"": 0, ""oi"": 109000, ""option_type"": ""PE"", ""strike_price"": 382, ""oich"": 0}, {""ask"": 0, ""bid"": 0, ""oi"": 3880000, ""option_type"": ""CE"", ""strike_price"": 380, ""oich"": -130000}, {""ask"": 0, ""bid"": 0, ""oi"": 8000, ""option_type"": ""CE"", ""strike_price"": 280, ""oich"": 0}, {""ask"": 0, ""bid"": 0, ""oi"": 63000, ""option_type"": ""PE"", ""strike_price"": 310, ""oich"": -6000}, {""ask"": 0, ""bid"": 0, ""oi"": 76000, ""option_type"": ""PE"", ""strike_price"": 315, ""oich"": 0}, {""ask"": 0, ""bid"": 0, ""oi"": 198000, ""option_type"": ""CE"", ""strike_price"": 330, ""oich"": 2000}, {""ask"": 0, ""bid"": 0, ""oi"": 1152000, ""option_type"": ""PE"", ""strike_price"": 340, ""oich"": -43000}, {""ask"": 0, ""bid"": 0, ""oi"": 1988000, ""option_type"": ""CE"", ""strike_price"": 350, ""oich"": -123000}, {""ask"": 0, ""bid"": 0, ""oi"": 2604000, ""option_type"": ""PE"", ""strike_price"": 350, ""oich"": -88000}, {""ask"": 0, ""bid"": 0, ""oi"": 1283000, ""option_type"": ""CE"", ""strike_price"": 355, ""oich"": -38000}, {""ask"": 0, ""bid"": 0, ""oi"": 1347000, ""option_type"": ""PE"", ""strike_price"": 355, ""oich"": -59000}, {""ask"": 0, ""bid"": 0, ""oi"": 355000, ""option_type"": ""CE"", ""strike_price"": 367, ""oich"": 170000}, {""ask"": 0, ""bid"": 0, ""oi"": 940000, ""option_type"": ""PE"", ""strike_price"": 370, ""oich"": -139000}, {""ask"": 0, ""bid"": 0, ""oi"": 536000, ""option_type"": ""CE"", ""strike_price"": 420, ""oich"": -33000}, {""ask"": 0, ""bid"": 0, ""oi"": 75000, ""option_type"": ""CE"", ""strike_price"": 357, ""oich"": 11000}, {""ask"": 0, ""bid"": 0, ""oi"": 200000, ""option_type"": ""PE"", ""strike_price"": 347, ""oich"": 0}, {""ask"": 0, ""bid"": 0, ""oi"": 2000, ""option_type"": ""CE"", ""strike_price"": 342, ""oich"": 0}, {""ask"": 0, ""bid"": 0, ""oi"": 48000, ""option_type"": ""CE"", ""strike_price"": 320, ""oich"": 0}, {""ask"": 0, ""bid"": 0, ""oi"": 181000, ""option_type"": ""CE"", ""strike_price"": 450, ""oich"": -13000}, {""ask"": 0, ""bid"": 0, ""oi"": 504000, ""option_type"": ""CE"", ""strike_price"": 430, ""oich"": -120000}, {""ask"": 0, ""bid"": 0, ""oi"": 266000, ""option_type"": ""PE"", ""strike_price"": 420, ""oich"": -13000}, {""ask"": 0, ""bid"": 0, ""oi"": 0, ""option_type"": ""PE"", ""strike_price"": 402, ""oich"": 0}, {""ask"": 0, ""bid"": 0, ""oi"": 368000, ""option_type"": ""PE"", ""strike_price"": 390, ""oich"": -25000}, {""ask"": 0, ""bid"": 0, ""oi"": 455000, ""option_type"": ""PE"", ""strike_price"": 345, ""oich"": -8000}, {""ask"": 0, ""bid"": 0, ""oi"": 60000, ""option_type"": ""CE"", ""strike_price"": 352, ""oich"": 7000}, {""ask"": 0, ""bid"": 0, ""oi"": 691000, ""option_type"": ""CE"", ""strike_price"": 365, ""oich"": 289000}, {""ask"": 0, ""bid"": 0, ""oi"": 156000, ""option_type"": ""PE"", ""strike_price"": 385, ""oich"": -8000}, {""ask"": 0, ""bid"": 0, ""oi"": 279000, ""option_type"": ""CE"", ""strike_price"": 387, ""oich"": 25000}, {""ask"": 0, ""bid"": 0, ""oi"": 20000, ""option_type"": ""PE"", ""strike_price"": 392, ""oich"": 0}, {""ask"": 0, ""bid"": 0, ""oi"": 1010000, ""option_type"": ""PE"", ""strike_price"": 400, ""oich"": -105000}, {""ask"": 0, ""bid"": 0, ""oi"": 0, ""option_type"": ""CE"", ""strike_price"": 425, ""oich"": 0}, {""ask"": 0, ""bid"": 0, ""oi"": 11000, ""option_type"": ""CE"", ""strike_price"": 300, ""oich"": 0}, {""ask"": 0, ""bid"": 0, ""oi"": 320000, ""option_type"": ""PE"", ""strike_price"": 300, ""oich"": -37000}, {""ask"": 0, ""bid"": 0, ""oi"": 0, ""option_type"": ""CE"", ""strike_price"": 310, ""oich"": 0}, {""ask"": 0, ""bid"": 0, ""oi"": 68000, ""option_type"": ""CE"", ""strike_price"": 335, ""oich"": 0}, {""ask"": 0, ""bid"": 0, ""oi"": 685000, ""option_type"": ""PE"", ""strike_price"": 330, ""oich"": -4000}, {""ask"": 0, ""bid"": 0, ""oi"": 219000, ""option_type"": ""PE"", ""strike_price"": 335, ""oich"": -4000}, {""ask"": 0, ""bid"": 0, ""oi"": 0, ""option_type"": ""PE"", ""strike_price"": 337, ""oich"": 0}, {""ask"": 0, ""bid"": 0, ""oi"": 234000, ""option_type"": ""CE"", ""strike_price"": 372, ""oich"": -55000}, {""ask"": 0, ""bid"": 0, ""oi"": 586000, ""option_type"": ""PE"", ""strike_price"": 375, ""oich"": -414000}, {""ask"": 0, ""bid"": 0, ""oi"": 231000, ""option_type"": ""CE"", ""strike_price"": 392, ""oich"": -16000}, {""ask"": 0, ""bid"": 0, ""oi"": 415000, ""option_type"": ""CE"", ""strike_price"": 395, ""oich"": -155000}, {""ask"": 0, ""bid"": 0, ""oi"": 73000, ""option_type"": ""CE"", ""strike_price"": 415, ""oich"": 7000}, {""ask"": 0, ""bid"": 0, ""oi"": 261000, ""option_type"": ""PE"", ""strike_price"": 372, ""oich"": -57000}, {""ask"": 0, ""bid"": 0, ""oi"": 766000, ""option_type"": ""CE"", ""strike_price"": 385, ""oich"": -22000}, {""ask"": 0, ""bid"": 0, ""oi"": 1000, ""option_type"": ""CE"", ""strike_price"": 407, ""oich"": 0}, {""ask"": 0, ""bid"": 0, ""oi"": 213000, ""option_type"": ""PE"", ""strike_price"": 357, ""oich"": -161000}, {""ask"": 0, ""bid"": 0, ""oi"": 4000, ""option_type"": ""PE"", ""strike_price"": 290, ""oich"": -2000}, {""ask"": 0, ""bid"": 0, ""oi"": 0, ""option_type"": ""CE"", ""strike_price"": 337, ""oich"": 0}, {""ask"": 0, ""bid"": 0, ""oi"": 235000, ""option_type"": ""PE"", ""strike_price"": 352, ""oich"": 25000}, {""ask"": 0, ""bid"": 0, ""oi"": 297000, ""option_type"": ""PE"", ""strike_price"": 367, ""oich"": -73000}, {""ask"": 0, ""bid"": 0, ""oi"": 12000, ""option_type"": ""PE"", ""strike_price"": 305, ""oich"": 0}, {""ask"": 0, ""bid"": 0, ""oi"": 2000, ""option_type"": ""CE"", ""strike_price"": 315, ""oich"": 0}, {""ask"": 0, ""bid"": 0, ""oi"": 546000, ""option_type"": ""PE"", ""strike_price"": 320, ""oich"": -16000}, {""ask"": 0, ""bid"": 0, ""oi"": 73000, ""option_type"": ""PE"", ""strike_price"": 342, ""oich"": -14000}, {""ask"": 0, ""bid"": 0, ""oi"": 1460000, ""option_type"": ""CE"", ""strike_price"": 375, ""oich"": -111000}, {""ask"": 0, ""bid"": 0, ""oi"": 0, ""option_type"": ""PE"", ""strike_price"": 407, ""oich"": 0}, {""ask"": 0, ""bid"": 0, ""oi"": 229000, ""option_type"": ""PE"", ""strike_price"": 377, ""oich"": -5000}, {""ask"": 0, ""bid"": 0, ""oi"": 0, ""option_type"": ""CE"", ""strike_price"": 332, ""oich"": 0}, {""ask"": 0, ""bid"": 0, ""oi"": 665000, ""option_type"": ""CE"", ""strike_price"": 340, ""oich"": 1000}, {""ask"": 0, ""bid"": 0, ""oi"": 1901000, ""option_type"": ""CE"", ""strike_price"": 360, ""oich"": -127000}, {""ask"": 0, ""bid"": 0, ""oi"": 611000, ""option_type"": ""CE"", ""strike_price"": 410, ""oich"": -316000}, {""ask"": 0, ""bid"": 0, ""oi"": 12000, ""option_type"": ""PE"", ""strike_price"": 395, ""oich"": -1000}, {""ask"": 0, ""bid"": 0, ""oi"": 433000, ""option_type"": ""CE"", ""strike_price"": 382, ""oich"": 140000}, {""ask"": 0, ""bid"": 0, ""oi"": 451000, ""option_type"": ""PE"", ""strike_price"": 365, ""oich"": -16000}, {""ask"": 0, ""bid"": 0, ""oi"": 210000, ""option_type"": ""PE"", ""strike_price"": 362, ""oich"": -51000}, {""ask"": 0, ""bid"": 0, ""oi"": 0, ""option_type"": ""CE"", ""strike_price"": 327, ""oich"": 0}, {""ask"": 0, ""bid"": 0, ""oi"": 0, ""option_type"": ""PE"", ""strike_price"": 425, ""oich"": 0}]",16941000,2026-01-20
22259000,,,"[{""ask"": 0, ""bid"": 0, ""oi"": 57000, ""option_type"": ""CE"", ""strike_price"": 325, ""oich"": 0}, {""ask"": 0, ""bid"": 0, ""oi"": 0, ""option_type"": ""CE"", ""strike_price"": 305, ""oich"": 0}, {""ask"": 0, ""bid"": 0, ""oi"": 12000, ""option_type"": ""PE"", ""strike_price"": 395, ""oich"": 0}, {""ask"": 0, ""bid"": 0, ""oi"": 585000, ""option_type"": ""CE"", ""strike_price"": 410, ""oich"": -26000}, {""ask"": 0, ""bid"": 0, ""oi"": 0, ""option_type"": ""CE"", ""strike_price"": 327, ""oich"": 0}, {""ask"": 0, ""bid"": 0, ""oi"": 145000, ""option_type"": ""PE"", ""strike_price"": 362, ""oich"": -65000}, {""ask"": 0, ""bid"": 0, ""oi"": 432000, ""option_type"": ""PE"", ""strike_price"": 365, ""oich"": -19000}, {""ask"": 0, ""bid"": 0, ""oi"": 405000, ""option_type"": ""CE"", ""strike_price"": 382, ""oich"": -28000}, {""ask"": 0, ""bid"": 0, ""oi"": 1050000, ""option_type"": ""PE"", ""strike_price"": 355, ""oich"": -297000}, {""ask"": 0, ""bid"": 0, ""oi"": 8000, ""option_type"": ""CE"", ""strike_price"": 280, ""oich"": 0}, {""ask"": 0, ""bid"": 0, ""oi"": 62000, ""option_type"": ""PE"", ""strike_price"": 310, ""oich"": -1000}, {""ask"": 0, ""bid"": 0, ""oi"": 73000, ""option_type"": ""PE"", ""strike_price"": 315, ""oich"": -3000}, {""ask"": 0, ""bid"": 0, ""oi"": 183000, ""option_type"": ""CE"", ""strike_price"": 330, ""oich"": -15000}, {""ask"": 0, ""bid"": 0, ""oi"": 1115000, ""option_type"": ""PE"", ""strike_price"": 340, ""oich"": -37000}, {""ask"": 0, ""bid"": 0, ""oi"": 1950000, ""option_type"": ""CE"", ""strike_price"": 350, ""oich"": -38000}, {""ask"": 0, ""bid"": 0, ""oi"": 2548000, ""option_type"": ""PE"", ""strike_price"": 350, ""oich"": -56000}, {""ask"": 0, ""bid"": 0, ""oi"": 1042000, ""option_type"": ""CE"", ""strike_price"": 355, ""oich"": -241000}, {""ask"": 0, ""bid"": 0, ""oi"": 304000, ""option_type"": ""CE"", ""strike_price"": 367, ""oich"": -51000}, {""ask"": 0, ""bid"": 0, ""oi"": 107000, ""option_type"": ""PE"", ""strike_price"": 382, ""oich"": -2000}, {""ask"": 0, ""bid"": 0, ""oi"": 3658000, ""option_type"": ""CE"", ""strike_price"": 380, ""oich"": -222000}, {""ask"": 0, ""bid"": 0, ""oi"": 821000, ""option_type"": ""PE"", ""strike_price"": 370, ""oich"": -119000}, {""ask"": 0, ""bid"": 0, ""oi"": 0, ""option_type"": ""PE"", ""strike_price"": 425, ""oich"": 0}, {""ask"": 0, ""bid"": 0, ""oi"": 0, ""option_type"": ""PE"", ""strike_price"": 415, ""oich"": 0}, {""ask"": 0, ""bid"": 0, ""oi"": 34000, ""option_type"": ""CE"", ""strike_price"": 402, ""oich"": 0}, {""ask"": 0, ""bid"": 0, ""oi"": 1469000, ""option_type"": ""CE"", ""strike_price"": 390, ""oich"": -216000}, {""ask"": 0, ""bid"": 0, ""oi"": 1198000, ""option_type"": ""PE"", ""strike_price"": 360, ""oich"": -668000}, {""ask"": 0, ""bid"": 0, ""oi"": 224000, ""option_type"": ""PE"", ""strike_price"": 377, ""oich"": -5000}, {""ask"": 0, ""bid"": 0, ""oi"": 1436000, ""option_type"": ""CE"", ""strike_price"": 360, ""oich"": -465000}, {""ask"": 0, ""bid"": 0, ""oi"": 651000, ""option_type"": ""CE"", ""strike_price"": 340, ""oich"": -14000}, {""ask"": 0, ""bid"": 0, ""oi"": 0, ""option_type"": ""CE"", ""strike_price"": 332, ""oich"": 0}, {""ask"": 0, ""bid"": 0, ""oi"": 71000, ""option_type"": ""CE"", ""strike_price"": 415, ""oich"": -2000}, {""ask"": 0, ""bid"": 0, ""oi"": 595000, ""option_type"": ""PE"", ""strike_price"": 330, ""oich"": -90000}, {""ask"": 0, ""bid"": 0, ""oi"": 204000, ""option_type"": ""PE"", ""strike_price"": 335, ""oich"": -15000}, {""ask"": 0, ""bid"": 0, ""oi"": 0, ""option_type"": ""PE"", ""strike_price"": 337, ""oich"": 0}, {""ask"": 0, ""bid"": 0, ""oi"": 192000, ""option_type"": ""CE"", ""strike_price"": 372, ""oich"": -42000}, {""ask"": 0, ""bid"": 0, ""oi"": 496000, ""option_type"": ""PE"", ""strike_price"": 375, ""oich"": -90000}, {""ask"": 0, ""bid"": 0, ""oi"": 203000, ""option_type"": ""CE"", ""strike_price"": 392, ""oich"": -28000}, {""ask"": 0, ""bid"": 0, ""oi"": 381000, ""option_type"": ""CE"", ""strike_price"": 395, ""oich"": -34000}, {""ask"": 0, ""bid"": 0, ""oi"": 0, ""option_type"": ""PE"", ""strike_price"": 402, ""oich"": 0}, {""ask"": 0, ""bid"": 0, ""oi"": 2000, ""option_type"": ""CE"", ""strike_price"": 342, ""oich"": 0}, {""ask"": 0, ""bid"": 0, ""oi"": 48000, ""option_type"": ""CE"", ""strike_price"": 320, ""oich"": 0}, {""ask"": 0, ""bid"": 0, ""oi"": 379000, ""option_type"": ""CE"", ""strike_price"": 430, ""oich"": -125000}, {""ask"": 0, ""bid"": 0, ""oi"": 181000, ""option_type"": ""CE"", ""strike_price"": 450, ""oich"": 0}, {""ask"": 0, ""bid"": 0, ""oi"": 292000, ""option_type"": ""PE"", ""strike_price"": 390, ""oich"": -76000}, {""ask"": 0, ""bid"": 0, ""oi"": 250000, ""option_type"": ""PE"", ""strike_price"": 420, ""oich"": -16000}, {""ask"": 0, ""bid"": 0, ""oi"": 217000, ""option_type"": ""PE"", ""strike_price"": 347, ""oich"": 17000}, {""ask"": 0, ""bid"": 0, ""oi"": 59000, ""option_type"": ""CE"", ""strike_price"": 397, ""oich"": 0}, {""ask"": 0, ""bid"": 0, ""oi"": 0, ""option_type"": ""PE"", ""strike_price"": 397, ""oich"": 0}, {""ask"": 0, ""bid"": 0, ""oi"": 1673000, ""option_type"": ""CE"", ""strike_price"": 400, ""oich"": -395000}, {""ask"": 0, ""bid"": 0, ""oi"": 159000, ""option_type"": ""PE"", ""strike_price"": 410, ""oich"": -22000}, {""ask"": 0, ""bid"": 0, ""oi"": 713000, ""option_type"": ""PE"", ""strike_price"": 430, ""oich"": -84000}, {""ask"": 0, ""bid"": 0, ""oi"": 7000, ""option_type"": ""PE"", ""strike_price"": 280, ""oich"": -1000}, {""ask"": 0, ""bid"": 0, ""oi"": 105000, ""option_type"": ""PE"", ""strike_price"": 325, ""oich"": 6000}, {""ask"": 0, ""bid"": 0, ""oi"": 1000, ""option_type"": ""PE"", ""strike_price"": 327, ""oich"": 0}, {""ask"": 0, ""bid"": 0, ""oi"": 29000, ""option_type"": ""PE"", ""strike_price"": 332, ""oich"": 0}, {""ask"": 0, ""bid"": 0, ""oi"": 9000, ""option_type"": ""CE"", ""strike_price"": 347, ""oich"": 0}, {""ask"": 0, ""bid"": 0, ""oi"": 245000, ""option_type"": ""CE"", ""strike_price"": 362, ""oich"": 40000}, {""ask"": 0, ""bid"": 0, ""oi"": 674000, ""option_type"": ""CE"", ""strike_price"": 377, ""oich"": -53000}, {""ask"": 0, ""bid"": 0, ""oi"": 702000, ""option_type"": ""PE"", ""strike_price"": 380, ""oich"": -127000}, {""ask"": 0, ""bid"": 0, ""oi"": 4000, ""option_type"": ""PE"", ""strike_price"": 387, ""oich"": 0}, {""ask"": 0, ""bid"": 0, ""oi"": 0, ""option_type"": ""PE"", ""strike_price"": 407, ""oich"": 0}, {""ask"": 0, ""bid"": 0, ""oi"": 1232000, ""option_type"": ""CE"", ""strike_price"": 375, ""oich"": -228000}, {""ask"": 0, ""bid"": 0, ""oi"": 71000, ""option_type"": ""PE"", ""strike_price"": 342, ""oich"": -2000}, {""ask"": 0, ""bid"": 0, ""oi"": 8000, ""option_type"": ""PE"", ""strike_price"": 305, ""oich"": -4000}, {""ask"": 0, ""bid"": 0, ""oi"": 2000, ""option_type"": ""CE"", ""strike_price"": 315, ""oich"": 0}, {""ask"": 0, ""bid"": 0, ""oi"": 518000, ""option_type"": ""PE"", ""strike_price"": 320, ""oich"": -28000}, {""ask"": 0, ""bid"": 0, ""oi"": 201000, ""option_type"": ""PE"", ""strike_price"": 367, ""oich"": -96000}, {""ask"": 0, ""bid"": 0, ""oi"": 4000, ""option_type"": ""PE"", ""strike_price"": 290, ""oich"": 0}, {""ask"": 0, ""bid"": 0, ""oi"": 0, ""option_type"": ""CE"", ""strike_price"": 337, ""oich"": 0}, {""ask"": 0, ""bid"": 0, ""oi"": 159000, ""option_type"": ""PE"", ""strike_price"": 352, ""oich"": -76000}, {""ask"": 0, ""bid"": 0, ""oi"": 247000, ""option_type"": ""PE"", ""strike_price"": 357, ""oich"": 34000}, {""ask"": 0, ""bid"": 0, ""oi"": 233000, ""option_type"": ""PE"", ""strike_price"": 372, ""oich"": -28000}, {""ask"": 0, ""bid"": 0, ""oi"": 685000, ""option_type"": ""CE"", ""strike_price"": 385, ""oich"": -81000}, {""ask"": 0, ""bid"": 0, ""oi"": 1000, ""option_type"": ""CE"", ""strike_price"": 407, ""oich"": 0}, {""ask"": 0, ""bid"": 0, ""oi"": 0, ""option_type"": ""CE"", ""strike_price"": 425, ""oich"": 0}, {""ask"": 0, ""bid"": 0, ""oi"": 846000, ""option_type"": ""PE"", ""strike_price"": 400, ""oich"": -164000}, {""ask"": 0, ""bid"": 0, ""oi"": 20000, ""option_type"": ""PE"", ""strike_price"": 392, ""oich"": 0}, {""ask"": 0, ""bid"": 0, ""oi"": 251000, ""option_type"": ""CE"", ""strike_price"": 387, ""oich"": -28000}, {""ask"": 0, ""bid"": 0, ""oi"": 153000, ""option_type"": ""PE"", ""strike_price"": 385, ""oich"": -3000}, {""ask"": 0, ""bid"": 0, ""oi"": 725000, ""option_type"": ""CE"", ""strike_price"": 365, ""oich"": 34000}, {""ask"": 0, ""bid"": 0, ""oi"": 105000, ""option_type"": ""CE"", ""strike_price"": 352, ""oich"": 45000}, {""ask"": 0, ""bid"": 0, ""oi"": 857000, ""option_type"": ""PE"", ""strike_price"": 345, ""oich"": 402000}, {""ask"": 0, ""bid"": 0, ""oi"": 68000, ""option_type"": ""CE"", ""strike_price"": 335, ""oich"": 0}, {""ask"": 0, ""bid"": 0, ""oi"": 0, ""option_type"": ""CE"", ""strike_price"": 310, ""oich"": 0}, {""ask"": 0, ""bid"": 0, ""oi"": 302000, ""option_type"": ""PE"", ""strike_price"": 300, ""oich"": -18000}, {""ask"": 0, ""bid"": 0, ""oi"": 7000, ""option_type"": ""CE"", ""strike_price"": 300, ""oich"": -4000}, {""ask"": 0, ""bid"": 0, ""oi"": 161000, ""option_type"": ""CE"", ""strike_price"": 357, ""oich"": 86000}, {""ask"": 0, ""bid"": 0, ""oi"": 526000, ""option_type"": ""CE"", ""strike_price"": 420, ""oich"": -10000}, {""ask"": 0, ""bid"": 0, ""oi"": 8000, ""option_type"": ""PE"", ""strike_price"": 405, ""oich"": 0}, {""ask"": 0, ""bid"": 0, ""oi"": 321000, ""option_type"": ""CE"", ""strike_price"": 405, ""oich"": -19000}, {""ask"": 0, ""bid"": 0, ""oi"": 2104000, ""option_type"": ""CE"", ""strike_price"": 370, ""oich"": 193000}, {""ask"": 0, ""bid"": 0, ""oi"": 172000, ""option_type"": ""CE"", ""strike_price"": 345, ""oich"": -24000}]",15188000,2026-01-21
19098000,,,"[{""ask"": 0, ""bid"": 0, ""oi"": 48000, ""option_type"": ""CE"", ""strike_price"": 320, ""oich"": 0}, {""ask"": 0, ""bid"": 0, ""oi"": 107000, ""option_type"": ""CE"", ""strike_price"": 362, ""oich"": -138000}, {""ask"": 0, ""bid"": 0, ""oi"": 5000, ""option_type"": ""CE"", ""strike_price"": 347, ""oich"": -4000}, {""ask"": 0, ""bid"": 0, ""oi"": 28000, ""option_type"": ""PE"", ""strike_price"": 332, ""oich"": -1000}, {""ask"": 0, ""bid"": 0, ""oi"": 1000, ""option_type"": ""PE"", ""strike_price"": 327, ""oich"": 0}, {""ask"": 0, ""bid"": 0, ""oi"": 616000, ""option_type"": ""PE"", ""strike_price"": 430, ""oich"": -97000}, {""ask"": 0, ""bid"": 0, ""oi"": 101000, ""option_type"": ""PE"", ""strike_price"": 325, ""oich"": -4000}, {""ask"": 0, ""bid"": 0, ""oi"": 542000, ""option_type"": ""PE"", ""strike_price"": 380, ""oich"": -160000}, {""ask"": 0, ""bid"": 0, ""oi"": 596000, ""option_type"": ""CE"", ""strike_price"": 377, ""oich"": -78000}, {""ask"": 0, ""bid"": 0, ""oi"": 139000, ""option_type"": ""PE"", ""strike_price"": 410, ""oich"": -20000}, {""ask"": 0, ""bid"": 0, ""oi"": 1522000, ""option_type"": ""CE"", ""strike_price"": 400, ""oich"": -151000}, {""ask"": 0, ""bid"": 0, ""oi"": 0, ""option_type"": ""PE"", ""strike_price"": 397, ""oich"": 0}, {""ask"": 0, ""bid"": 0, ""oi"": 58000, ""option_type"": ""CE"", ""strike_price"": 397, ""oich"": -1000}, {""ask"": 0, ""bid"": 0, ""oi"": 4000, ""option_type"": ""PE"", ""strike_price"": 387, ""oich"": 0}, {""ask"": 0, ""bid"": 0, ""oi"": 7000, ""option_type"": ""PE"", ""strike_price"": 280, ""oich"": 0}, {""ask"": 0, ""bid"": 0, ""oi"": 10000, ""option_type"": ""PE"", ""strike_price"": 395, ""oich"": -2000}, {""ask"": 0, ""bid"": 0, ""oi"": 354000, ""option_type"": ""PE"", ""strike_price"": 365, ""oich"": -78000}, {""ask"": 0, ""bid"": 0, ""oi"": 365000, ""option_type"": ""CE"", ""strike_price"": 382, ""oich"": -40000}, {""ask"": 0, ""bid"": 0, ""oi"": 0, ""option_type"": ""CE"", ""strike_price"": 327, ""oich"": 0}, {""ask"": 0, ""bid"": 0, ""oi"": 128000, ""option_type"": ""PE"", ""strike_price"": 362, ""oich"": -17000}, {""ask"": 0, ""bid"": 0, ""oi"": 512000, ""option_type"": ""CE"", ""strike_price"": 410, ""oich"": -73000}, {""ask"": 0, ""bid"": 0, ""oi"": 1119000, ""option_type"": ""CE"", ""strike_price"": 375, ""oich"": -113000}, {""ask"": 0, ""bid"": 0, ""oi"": 73000, ""option_type"": ""PE"", ""strike_price"": 342, ""oich"": 2000}, {""ask"": 0, ""bid"": 0, ""oi"": 519000, ""option_type"": ""PE"", ""strike_price"": 320, ""oich"": 1000}, {""ask"": 0, ""bid"": 0, ""oi"": 2000, ""option_type"": ""CE"", ""strike_price"": 315, ""oich"": 0}, {""ask"": 0, ""bid"": 0, ""oi"": 8000, ""option_type"": ""PE"", ""strike_price"": 305, ""oich"": 0}, {""ask"": 0, ""bid"": 0, ""oi"": 0, ""option_type"": ""PE"", ""strike_price"": 407, ""oich"": 0}, {""ask"": 0, ""bid"": 0, ""oi"": 1000, ""option_type"": ""CE"", ""strike_price"": 407, ""oich"": 0}, {""ask"": 0, ""bid"": 0, ""oi"": 732000, ""option_type"": ""CE"", ""strike_price"": 385, ""oich"": 47000}, {""ask"": 0, ""bid"": 0, ""oi"": 217000, ""option_type"": ""PE"", ""strike_price"": 372, ""oich"": -16000}, {""ask"": 0, ""bid"": 0, ""oi"": 203000, ""option_type"": ""PE"", ""strike_price"": 367, ""oich"": 2000}, {""ask"": 0, ""bid"": 0, ""oi"": 159000, ""option_type"": ""PE"", ""strike_price"": 357, ""oich"": -88000}, {""ask"": 0, ""bid"": 0, ""oi"": 130000, ""option_type"": ""PE"", ""strike_price"": 352, ""oich"": -29000}, {""ask"": 0, ""bid"": 0, ""oi"": 0, ""option_type"": ""CE"", ""strike_price"": 337, ""oich"": 0}, {""ask"": 0, ""bid"": 0, ""oi"": 4000, ""option_type"": ""PE"", ""strike_price"": 290, ""oich"": 0}, {""ask"": 0, ""bid"": 0, ""oi"": 143000, ""option_type"": ""PE"", ""strike_price"": 385, ""oich"": -10000}, {""ask"": 0, ""bid"": 0, ""oi"": 244000, ""option_type"": ""CE"", ""strike_price"": 387, ""oich"": -7000}, {""ask"": 0, ""bid"": 0, ""oi"": 0, ""option_type"": ""CE"", ""strike_price"": 425, ""oich"": 0}, {""ask"": 0, ""bid"": 0, ""oi"": 7000, ""option_type"": ""CE"", ""strike_price"": 300, ""oich"": 0}, {""ask"": 0, ""bid"": 0, ""oi"": 282000, ""option_type"": ""PE"", ""strike_price"": 300, ""oich"": -20000}, {""ask"": 0, ""bid"": 0, ""oi"": 0, ""option_type"": ""CE"", ""strike_price"": 310, ""oich"": 0}, {""ask"": 0, ""bid"": 0, ""oi"": 68000, ""option_type"": ""CE"", ""strike_price"": 335, ""oich"": 0}, {""ask"": 0, ""bid"": 0, ""oi"": 787000, ""option_type"": ""PE"", ""strike_price"": 345, ""oich"": -70000}, {""ask"": 0, ""bid"": 0, ""oi"": 89000, ""option_type"": ""CE"", ""strike_price"": 352, ""oich"": -16000}, {""ask"": 0, ""bid"": 0, ""oi"": 584000, ""option_type"": ""PE"", ""strike_price"": 400, ""oich"": -262000}, {""ask"": 0, ""bid"": 0, ""oi"": 20000, ""option_type"": ""PE"", ""strike_price"": 392, ""oich"": 0}, {""ask"": 0, ""bid"": 0, ""oi"": 573000, ""option_type"": ""CE"", ""strike_price"": 365, ""oich"": -152000}, {""ask"": 0, ""bid"": 0, ""oi"": 261000, ""option_type"": ""CE"", ""strike_price"": 372, ""oich"": 69000}, {""ask"": 0, ""bid"": 0, ""oi"": 311000, ""option_type"": ""PE"", ""strike_price"": 375, ""oich"": -185000}, {""ask"": 0, ""bid"": 0, ""oi"": 195000, ""option_type"": ""CE"", ""strike_price"": 392, ""oich"": -8000}, {""ask"": 0, ""bid"": 0, ""oi"": 353000, ""option_type"": ""CE"", ""strike_price"": 395, ""oich"": -28000}, {""ask"": 0, ""bid"": 0, ""oi"": 68000, ""option_type"": ""CE"", ""strike_price"": 415, ""oich"": -3000}, {""ask"": 0, ""bid"": 0, ""oi"": 510000, ""option_type"": ""PE"", ""strike_price"": 330, ""oich"": -85000}, {""ask"": 0, ""bid"": 0, ""oi"": 168000, ""option_type"": ""PE"", ""strike_price"": 335, ""oich"": -36000}, {""ask"": 0, ""bid"": 0, ""oi"": 0, ""option_type"": ""PE"", ""strike_price"": 337, ""oich"": 0}, {""ask"": 0, ""bid"": 0, ""oi"": 764000, ""option_type"": ""PE"", ""strike_price"": 360, ""oich"": -434000}, {""ask"": 0, ""bid"": 0, ""oi"": 1394000, ""option_type"": ""CE"", ""strike_price"": 390, ""oich"": -75000}, {""ask"": 0, ""bid"": 0, ""oi"": 34000, ""option_type"": ""CE"", ""strike_price"": 402, ""oich"": 0}, {""ask"": 0, ""bid"": 0, ""oi"": 0, ""option_type"": ""PE"", ""strike_price"": 425, ""oich"": 0}, {""ask"": 0, ""bid"": 0, ""oi"": 0, ""option_type"": ""PE"", ""strike_price"": 415, ""oich"": 0}, {""ask"": 0, ""bid"": 0, ""oi"": 8000, ""option_type"": ""CE"", ""strike_price"": 280, ""oich"": 0}, {""ask"": 0, ""bid"": 0, ""oi"": 57000, ""option_type"": ""PE"", ""strike_price"": 310, ""oich"": -5000}, {""ask"": 0, ""bid"": 0, ""oi"": 70000, ""option_type"": ""PE"", ""strike_price"": 315, ""oich"": -3000}, {""ask"": 0, ""bid"": 0, ""oi"": 170000, ""option_type"": ""CE"", ""strike_price"": 330, ""oich"": -13000}, {""ask"": 0, ""bid"": 0, ""oi"": 1035000, ""option_type"": ""PE"", ""strike_price"": 340, ""oich"": -80000}, {""ask"": 0, ""bid"": 0, ""oi"": 1723000, ""option_type"": ""CE"", ""strike_price"": 350, ""oich"": -227000}, {""ask"": 0, ""bid"": 0, ""oi"": 2371000, ""option_type"": ""PE"", ""strike_price"": 350, ""oich"": -177000}, {""ask"": 0, ""bid"": 0, ""oi"": 748000, ""option_type"": ""CE"", ""strike_price"": 355, ""oich"": -294000}, {""ask"": 0, ""bid"": 0, ""oi"": 819000, ""option_type"": ""PE"", ""strike_price"": 355, ""oich"": -231000}, {""ask"": 0, ""bid"": 0, ""oi"": 243000, ""option_type"": ""CE"", ""strike_price"": 367, ""oich"": -61000}, {""ask"": 0, ""bid"": 0, ""oi"": 747000, ""option_type"": ""PE"", ""strike_price"": 370, ""oich"": -74000}, {""ask"": 0, ""bid"": 0, ""oi"": 3448000, ""option_type"": ""CE"", ""strike_price"": 380, ""oich"": -210000}, {""ask"": 0, ""bid"": 0, ""oi"": 105000, ""option_type"": ""PE"", ""strike_price"": 382, ""oich"": -2000}, {""ask"": 0, ""bid"": 0, ""oi"": 0, ""option_type"": ""CE"", ""strike_price"": 305, ""oich"": 0}, {""ask"": 0, ""bid"": 0, ""oi"": 57000, ""option_type"": ""CE"", ""strike_price"": 325, ""oich"": 0}, {""ask"": 0, ""bid"": 0, ""oi"": 167000, ""option_type"": ""CE"", ""strike_price"": 345, ""oich"": -5000}, {""ask"": 0, ""bid"": 0, ""oi"": 1196000, ""option_type"": ""CE"", ""strike_price"": 370, ""oich"": -908000}, {""ask"": 0, ""bid"": 0, ""oi"": 286000, ""option_type"": ""CE"", ""strike_price"": 405, ""oich"": -35000}, {""ask"": 0, ""bid"": 0, ""oi"": 8000, ""option_type"": ""PE"", ""strike_price"": 405, ""oich"": 0}, {""ask"": 0, ""bid"": 0, ""oi"": 378000, ""option_type"": ""CE"", ""strike_price"": 430, ""oich"": -1000}, {""ask"": 0, ""bid"": 0, ""oi"": 159000, ""option_type"": ""CE"", ""strike_price"": 450, ""oich"": -22000}, {""ask"": 0, ""bid"": 0, ""oi"": 208000, ""option_type"": ""PE"", ""strike_price"": 347, ""oich"": -9000}, {""ask"": 0, ""bid"": 0, ""oi"": 2000, ""option_type"": ""CE"", ""strike_price"": 342, ""oich"": 0}, {""ask"": 0, ""bid"": 0, ""oi"": 277000, ""option_type"": ""PE"", ""strike_price"": 390, ""oich"": -15000}, {""ask"": 0, ""bid"": 0, ""oi"": 0, ""option_type"": ""PE"", ""strike_price"": 402, ""oich"": 0}, {""ask"": 0, ""bid"": 0, ""oi"": 234000, ""option_type"": ""PE"", ""strike_price"": 420, ""oich"": -16000}, {""ask"": 0, ""bid"": 0, ""oi"": 477000, ""option_type"": ""CE"", ""strike_price"": 420, ""oich"": -49000}, {""ask"": 0, ""bid"": 0, ""oi"": 112000, ""option_type"": ""CE"", ""strike_price"": 357, ""oich"": -49000}, {""ask"": 0, ""bid"": 0, ""oi"": 0, ""option_type"": ""CE"", ""strike_price"": 332, ""oich"": 0}, {""ask"": 0, ""bid"": 0, ""oi"": 563000, ""option_type"": ""CE"", ""strike_price"": 340, ""oich"": -88000}, {""ask"": 0, ""bid"": 0, ""oi"": 1008000, ""option_type"": ""CE"", ""strike_price"": 360, ""oich"": -428000}, {""ask"": 0, ""bid"": 0, ""oi"": 223000, ""option_type"": ""PE"", ""strike_price"": 377, ""oich"": -1000}]",12966000,2026-01-22
15209000,,,"[{""ask"": 0, ""bid"": 0, ""oi"": 192000, ""option_type"": ""CE"", ""strike_price"": 367, ""oich"": -51000}, {""ask"": 0, ""bid"": 0, ""oi"": 535000, ""option_type"": ""CE"", ""strike_price"": 355, ""oich"": -213000}, {""ask"": 0, ""bid"": 0, ""oi"": 1876000, ""option_type"": ""PE"", ""strike_price"": 350, ""oich"": -495000}, {""ask"": 0, ""bid"": 0, ""oi"": 1429000, ""option_type"": ""CE"", ""strike_price"": 350, ""oich"": -294000}, {""ask"": 0, ""bid"": 0, ""oi"": 1018000, ""option_type"": ""PE"", ""strike_price"": 340, ""oich"": -17000}, {""ask"": 0, ""bid"": 0, ""oi"": 169000, ""option_type"": ""CE"", ""strike_price"": 330, ""oich"": -1000}, {""ask"": 0, ""bid"": 0, ""oi"": 8000, ""option_type"": ""PE"", ""strike_price"": 305, ""oich"": 0}, {""ask"": 0, ""bid"": 0, ""oi"": 0, ""option_type"": ""PE"", ""strike_price"": 407, ""oich"": 0}, {""ask"": 0, ""bid"": 0, ""oi"": 744000, ""option_type"": ""CE"", ""strike_price"": 375, ""oich"": -375000}, {""ask"": 0, ""bid"": 0, ""oi"": 54000, ""option_type"": ""PE"", ""strike_price"": 342, ""oich"": -19000}, {""ask"": 0, ""bid"": 0, ""oi"": 484000, ""option_type"": ""PE"", ""strike_price"": 320, ""oich"": -35000}, {""ask"": 0, ""bid"": 0, ""oi"": 2000, ""option_type"": ""CE"", ""strike_price"": 315, ""oich"": 0}, {""ask"": 0, ""bid"": 0, ""oi"": 114000, ""option_type"": ""CE"", ""strike_price"": 357, ""oich"": 2000}, {""ask"": 0, ""bid"": 0, ""oi"": 366000, ""option_type"": ""CE"", ""strike_price"": 420, ""oich"": -111000}, {""ask"": 0, ""bid"": 0, ""oi"": 7000, ""option_type"": ""CE"", ""strike_price"": 300, ""oich"": 0}, {""ask"": 0, ""bid"": 0, ""oi"": 229000, ""option_type"": ""PE"", ""strike_price"": 300, ""oich"": -53000}, {""ask"": 0, ""bid"": 0, ""oi"": 0, ""option_type"": ""CE"", ""strike_price"": 310, ""oich"": 0}, {""ask"": 0, ""bid"": 0, ""oi"": 66000, ""option_type"": ""CE"", ""strike_price"": 335, ""oich"": -2000}, {""ask"": 0, ""bid"": 0, ""oi"": 722000, ""option_type"": ""PE"", ""strike_price"": 345, ""oich"": -65000}, {""ask"": 0, ""bid"": 0, ""oi"": 75000, ""option_type"": ""CE"", ""strike_price"": 352, ""oich"": -14000}, {""ask"": 0, ""bid"": 0, ""oi"": 366000, ""option_type"": ""CE"", ""strike_price"": 365, ""oich"": -207000}, {""ask"": 0, ""bid"": 0, ""oi"": 119000, ""option_type"": ""PE"", ""strike_price"": 385, ""oich"": -24000}, {""ask"": 0, ""bid"": 0, ""oi"": 132000, ""option_type"": ""CE"", ""strike_price"": 387, ""oich"": -112000}, {""ask"": 0, ""bid"": 0, ""oi"": 19000, ""option_type"": ""PE"", ""strike_price"": 392, ""oich"": -1000}, {""ask"": 0, ""bid"": 0, ""oi"": 349000, ""option_type"": ""PE"", ""strike_price"": 400, ""oich"": -235000}, {""ask"": 0, ""bid"": 0, ""oi"": 0, ""option_type"": ""CE"", ""strike_price"": 425, ""oich"": 0}, {""ask"": 0, ""bid"": 0, ""oi"": 613000, ""option_type"": ""PE"", ""strike_price"": 355, ""oich"": -206000}, {""ask"": 0, ""bid"": 0, ""oi"": 397000, ""option_type"": ""CE"", ""strike_price"": 410, ""oich"": -115000}, {""ask"": 0, ""bid"": 0, ""oi"": 9000, ""option_type"": ""PE"", ""strike_price"": 395, ""oich"": -1000}, {""ask"": 0, ""bid"": 0, ""oi"": 358000, ""option_type"": ""CE"", ""strike_price"": 382, ""oich"": -7000}, {""ask"": 0, ""bid"": 0, ""oi"": 340000, ""option_type"": ""PE"", ""strike_price"": 365, ""oich"": -14000}, {""ask"": 0, ""bid"": 0, ""oi"": 187000, ""option_type"": ""PE"", ""strike_price"": 362, ""oich"": 59000}, {""ask"": 0, ""bid"": 0, ""oi"": 0, ""option_type"": ""CE"", ""strike_price"": 327, ""oich"": 0}, {""ask"": 0, ""bid"": 0, ""oi"": 57000, ""option_type"": ""CE"", ""strike_price"": 325, ""oich"": 0}, {""ask"": 0, ""bid"": 0, ""oi"": 163000, ""option_type"": ""CE"", ""strike_price"": 345, ""oich"": -4000}, {""ask"": 0, ""bid"": 0, ""oi"": 880000, ""option_type"": ""CE"", ""strike_price"": 370, ""oich"": -316000}, {""ask"": 0, ""bid"": 0, ""oi"": 274000, ""option_type"": ""CE"", ""strike_price"": 405, ""oich"": -12000}, {""ask"": 0, ""bid"": 0, ""oi"": 8000, ""option_type"": ""PE"", ""strike_price"": 405, ""oich"": 0}, {""ask"": 0, ""bid"": 0, ""oi"": 0, ""option_type"": ""CE"", ""strike_price"": 305, ""oich"": 0}, {""ask"": 0, ""bid"": 0, ""oi"": 48000, ""option_type"": ""CE"", ""strike_price"": 320, ""oich"": 0}, {""ask"": 0, ""bid"": 0, ""oi"": 2000, ""option_type"": ""CE"", ""strike_price"": 342, ""oich"": 0}, {""ask"": 0, ""bid"": 0, ""oi"": 179000, ""option_type"": ""PE"", ""strike_price"": 347, ""oich"": -29000}, {""ask"": 0, ""bid"": 0, ""oi"": 218000, ""option_type"": ""PE"", ""strike_price"": 390, ""oich"": -59000}, {""ask"": 0, ""bid"": 0, ""oi"": 0, ""option_type"": ""PE"", ""strike_price"": 402, ""oich"": 0}, {""ask"": 0, ""bid"": 0, ""oi"": 194000, ""option_type"": ""PE"", ""strike_price"": 420, ""oich"": -40000}, {""ask"": 0, ""bid"": 0, ""oi"": 369000, ""option_type"": ""CE"", ""strike_price"": 430, ""oich"": -9000}, {""ask"": 0, ""bid"": 0, ""oi"": 138000, ""option_type"": ""CE"", ""strike_price"": 450, ""oich"": -21000}, {""ask"": 0, ""bid"": 0, ""oi"": 4000, ""option_type"": ""PE"", ""strike_price"": 290, ""oich"": 0}, {""ask"": 0, ""bid"": 0, ""oi"": 0, ""option_type"": ""CE"", ""strike_price"": 337, ""oich"": 0}, {""ask"": 0, ""bid"": 0, ""oi"": 136000, ""option_type"": ""PE"", ""strike_price"": 352, ""oich"": 6000}, {""ask"": 0, ""bid"": 0, ""oi"": 140000, ""option_type"": ""PE"", ""strike_price"": 357, ""oich"": -19000}, {""ask"": 0, ""bid"": 0, ""oi"": 150000, ""option_type"": ""PE"", ""strike_price"": 367, ""oich"": -53000}, {""ask"": 0, ""bid"": 0, ""oi"": 196000, ""option_type"": ""PE"", ""strike_price"": 372, ""oich"": -21000}, {""ask"": 0, ""bid"": 0, ""oi"": 596000, ""option_type"": ""CE"", ""strike_price"": 385, ""oich"": -136000}, {""ask"": 0, ""bid"": 0, ""oi"": 1000, ""option_type"": ""CE"", ""strike_price"": 407, ""oich"": 0}, {""ask"": 0, ""bid"": 0, ""oi"": 1246000, ""option_type"": ""CE"", ""strike_price"": 400, ""oich"": -276000}, {""ask"": 0, ""bid"": 0, ""oi"": 517000, ""option_type"": ""PE"", ""strike_price"": 430, ""oich"": -99000}, {""ask"": 0, ""bid"": 0, ""oi"": 7000, ""option_type"": ""PE"", ""strike_price"": 280, ""oich"": 0}, {""ask"": 0, ""bid"": 0, ""oi"": 80000, ""option_type"": ""PE"", ""strike_price"": 325, ""oich"": -21000}, {""ask"": 0, ""bid"": 0, ""oi"": 1000, ""option_type"": ""PE"", ""strike_price"": 327, ""oich"": 0}, {""ask"": 0, ""bid"": 0, ""oi"": 28000, ""option_type"": ""PE"", ""strike_price"": 332, ""oich"": 0}, {""ask"": 0, ""bid"": 0, ""oi"": 5000, ""option_type"": ""CE"", ""strike_price"": 347, ""oich"": 0}, {""ask"": 0, ""bid"": 0, ""oi"": 139000, ""option_type"": ""CE"", ""strike_price"": 362, ""oich"": 32000}, {""ask"": 0, ""bid"": 0, ""oi"": 452000, ""option_type"": ""CE"", ""strike_price"": 377, ""oich"": -144000}, {""ask"": 0, ""bid"": 0, ""oi"": 453000, ""option_type"": ""PE"", ""strike_price"": 380, ""oich"": -89000}, {""ask"": 0, ""bid"": 0, ""oi"": 4000, ""option_type"": ""PE"", ""strike_price"": 387, ""oich"": 0}, {""ask"": 0, ""bid"": 0, ""oi"": 28000, ""option_type"": ""CE"", ""strike_price"": 397, ""oich"": -30000}, {""ask"": 0, ""bid"": 0, ""oi"": 0, ""option_type"": ""PE"", ""strike_price"": 397, ""oich"": 0}, {""ask"": 0, ""bid"": 0, ""oi"": 131000, ""option_type"": ""PE"", ""strike_price"": 410, ""oich"": -8000}, {""ask"": 0, ""bid"": 0, ""oi"": 0, ""option_type"": ""CE"", ""strike_price"": 332, ""oich"": 0}, {""ask"": 0, ""bid"": 0, ""oi"": 550000, ""option_type"": ""CE"", ""strike_price"": 340, ""oich"": -13000}, {""ask"": 0, ""bid"": 0, ""oi"": 747000, ""option_type"": ""CE"", ""strike_price"": 360, ""oich"": -261000}, {""ask"": 0, ""bid"": 0, ""oi"": 218000, ""option_type"": ""PE"", ""strike_price"": 377, ""oich"": -5000}, {""ask"": 0, ""bid"": 0, ""oi"": 461000, ""option_type"": ""PE"", ""strike_price"": 330, ""oich"": -49000}, {""ask"": 0, ""bid"": 0, ""oi"": 0, ""option_type"": ""PE"", ""strike_price"": 337, ""oich"": 0}, {""ask"": 0, ""bid"": 0, ""oi"": 60000, ""option_type"": ""CE"", ""strike_price"": 415, ""oich"": -8000}, {""ask"": 0, ""bid"": 0, ""oi"": 331000, ""option_type"": ""CE"", ""strike_price"": 395, ""oich"": -22000}, {""ask"": 0, ""bid"": 0, ""oi"": 168000, ""option_type"": ""CE"", ""strike_price"": 392, ""oich"": -27000}, {""ask"": 0, ""bid"": 0, ""oi"": 253000, ""option_type"": ""PE"", ""strike_price"": 375, ""oich"": -58000}, {""ask"": 0, ""bid"": 0, ""oi"": 198000, ""option_type"": ""CE"", ""strike_price"": 372, ""oich"": -63000}, {""ask"": 0, ""bid"": 0, ""oi"": 153000, ""option_type"": ""PE"", ""strike_price"": 335, ""oich"": -15000}, {""ask"": 0, ""bid"": 0, ""oi"": 16000, ""option_type"": ""CE"", ""strike_price"": 402, ""oich"": -18000}, {""ask"": 0, ""bid"": 0, ""oi"": 1249000, ""option_type"": ""CE"", ""strike_price"": 390, ""oich"": -145000}, {""ask"": 0, ""bid"": 0, ""oi"": 1492000, ""option_type"": ""PE"", ""strike_price"": 360, ""oich"": 728000}, {""ask"": 0, ""bid"": 0, ""oi"": 0, ""option_type"": ""PE"", ""strike_price"": 425, ""oich"": 0}, {""ask"": 0, ""bid"": 0, ""oi"": 0, ""option_type"": ""PE"", ""strike_price"": 415, ""oich"": 0}, {""ask"": 0, ""bid"": 0, ""oi"": 67000, ""option_type"": ""PE"", ""strike_price"": 315, ""oich"": -3000}, {""ask"": 0, ""bid"": 0, ""oi"": 56000, ""option_type"": ""PE"", ""strike_price"": 310, ""oich"": -1000}, {""ask"": 0, ""bid"": 0, ""oi"": 8000, ""option_type"": ""CE"", ""strike_price"": 280, ""oich"": 0}, {""ask"": 0, ""bid"": 0, ""oi"": 100000, ""option_type"": ""PE"", ""strike_price"": 382, ""oich"": -5000}, {""ask"": 0, ""bid"": 0, ""oi"": 2532000, ""option_type"": ""CE"", ""strike_price"": 380, ""oich"": -916000}, {""ask"": 0, ""bid"": 0, ""oi"": 476000, ""option_type"": ""PE"", ""strike_price"": 370, ""oich"": -271000}]",11749000,2026-01-23
13646000,,,"[{""ask"": 0, ""bid"": 0, ""oi"": 206000, ""option_type"": ""PE"", ""strike_price"": 390, ""oich"": -12000}, {""ask"": 0, ""bid"": 0, ""oi"": 0, ""option_type"": ""PE"", ""strike_price"": 402, ""oich"": 0}, {""ask"": 0, ""bid"": 0, ""oi"": 182000, ""option_type"": ""PE"", ""strike_price"": 420, ""oich"": -12000}, {""ask"": 0, ""bid"": 0, ""oi"": 138000, ""option_type"": ""CE"", ""strike_price"": 450, ""oich"": 0}, {""ask"": 0, ""bid"": 0, ""oi"": 549000, ""option_type"": ""CE"", ""strike_price"": 430, ""oich"": 180000}, {""ask"": 0, ""bid"": 0, ""oi"": 38000, ""option_type"": ""CE"", ""strike_price"": 320, ""oich"": -10000}, {""ask"": 0, ""bid"": 0, ""oi"": 2000, ""option_type"": ""CE"", ""strike_price"": 342, ""oich"": 0}, {""ask"": 0, ""bid"": 0, ""oi"": 200000, ""option_type"": ""PE"", ""strike_price"": 347, ""oich"": 21000}, {""ask"": 0, ""bid"": 0, ""oi"": 427000, ""option_type"": ""CE"", ""strike_price"": 410, ""oich"": 30000}, {""ask"": 0, ""bid"": 0, ""oi"": 9000, ""option_type"": ""PE"", ""strike_price"": 395, ""oich"": 0}, {""ask"": 0, ""bid"": 0, ""oi"": 312000, ""option_type"": ""CE"", ""strike_price"": 382, ""oich"": -46000}, {""ask"": 0, ""bid"": 0, ""oi"": 188000, ""option_type"": ""PE"", ""strike_price"": 365, ""oich"": -152000}, {""ask"": 0, ""bid"": 0, ""oi"": 138000, ""option_type"": ""PE"", ""strike_price"": 362, ""oich"": -49000}, {""ask"": 0, ""bid"": 0, ""oi"": 0, ""option_type"": ""CE"", ""strike_price"": 327, ""oich"": 0}, {""ask"": 0, ""bid"": 0, ""oi"": 97000, ""option_type"": ""CE"", ""strike_price"": 357, ""oich"": -17000}, {""ask"": 0, ""bid"": 0, ""oi"": 527000, ""option_type"": ""CE"", ""strike_price"": 420, ""oich"": 161000}, {""ask"": 0, ""bid"": 0, ""oi"": 105000, ""option_type"": ""PE"", ""strike_price"": 410, ""oich"": -26000}, {""ask"": 0, ""bid"": 0, ""oi"": 517000, ""option_type"": ""PE"", ""strike_price"": 430, ""oich"": 0}, {""ask"": 0, ""bid"": 0, ""oi"": 7000, ""option_type"": ""PE"", ""strike_price"": 280, ""oich"": 0}, {""ask"": 0, ""bid"": 0, ""oi"": 80000, ""option_type"": ""PE"", ""strike_price"": 325, ""oich"": 0}, {""ask"": 0, ""bid"": 0, ""oi"": 1000, ""option_type"": ""PE"", ""strike_price"": 327, ""oich"": 0}, {""ask"": 0, ""bid"": 0, ""oi"": 28000, ""option_type"": ""PE"", ""strike_price"": 332, ""oich"": 0}, {""ask"": 0, ""bid"": 0, ""oi"": 5000, ""option_type"": ""CE"", ""strike_price"": 347, ""oich"": 0}, {""ask"": 0, ""bid"": 0, ""oi"": 101000, ""option_type"": ""CE"", ""strike_price"": 362, ""oich"": -38000}, {""ask"": 0, ""bid"": 0, ""oi"": 385000, ""option_type"": ""CE"", ""strike_price"": 377, ""oich"": -67000}, {""ask"": 0, ""bid"": 0, ""oi"": 277000, ""option_type"": ""PE"", ""strike_price"": 380, ""oich"": -176000}, {""ask"": 0, ""bid"": 0, ""oi"": 4000, ""option_type"": ""PE"", ""strike_price"": 387, ""oich"": 0}, {""ask"": 0, ""bid"": 0, ""oi"": 28000, ""option_type"": ""CE"", ""strike_price"": 397, ""oich"": 0}, {""ask"": 0, ""bid"": 0, ""oi"": 0, ""option_type"": ""PE"", ""strike_price"": 397, ""oich"": 0}, {""ask"": 0, ""bid"": 0, ""oi"": 1407000, ""option_type"": ""CE"", ""strike_price"": 400, ""oich"": 161000}, {""ask"": 0, ""bid"": 0, ""oi"": 8000, ""option_type"": ""PE"", ""strike_price"": 305, ""oich"": 0}, {""ask"": 0, ""bid"": 0, ""oi"": 2000, ""option_type"": ""CE"", ""strike_price"": 315, ""oich"": 0}, {""ask"": 0, ""bid"": 0, ""oi"": 484000, ""option_type"": ""PE"", ""strike_price"": 320, ""oich"": 0}, {""ask"": 0, ""bid"": 0, ""oi"": 54000, ""option_type"": ""PE"", ""strike_price"": 342, ""oich"": 0}, {""ask"": 0, ""bid"": 0, ""oi"": 539000, ""option_type"": ""CE"", ""strike_price"": 375, ""oich"": -205000}, {""ask"": 0, ""bid"": 0, ""oi"": 0, ""option_type"": ""PE"", ""strike_price"": 407, ""oich"": 0}, {""ask"": 0, ""bid"": 0, ""oi"": 90000, ""option_type"": ""PE"", ""strike_price"": 382, ""oich"": -10000}, {""ask"": 0, ""bid"": 0, ""oi"": 2045000, ""option_type"": ""CE"", ""strike_price"": 380, ""oich"": -487000}, {""ask"": 0, ""bid"": 0, ""oi"": 198000, ""option_type"": ""PE"", ""strike_price"": 370, ""oich"": -278000}, {""ask"": 0, ""bid"": 0, ""oi"": 148000, ""option_type"": ""CE"", ""strike_price"": 367, ""oich"": -44000}, {""ask"": 0, ""bid"": 0, ""oi"": 366000, ""option_type"": ""PE"", ""strike_price"": 355, ""oich"": -247000}, {""ask"": 0, ""bid"": 0, ""oi"": 346000, ""option_type"": ""CE"", ""strike_price"": 355, ""oich"": -189000}, {""ask"": 0, ""bid"": 0, ""oi"": 1817000, ""option_type"": ""PE"", ""strike_price"": 350, ""oich"": -59000}, {""ask"": 0, ""bid"": 0, ""oi"": 1308000, ""option_type"": ""CE"", ""strike_price"": 350, ""oich"": -121000}, {""ask"": 0, ""bid"": 0, ""oi"": 959000, ""option_type"": ""PE"", ""strike_price"": 340, ""oich"": -59000}, {""ask"": 0, ""bid"": 0, ""oi"": 164000, ""option_type"": ""CE"", ""strike_price"": 330, ""oich"": -5000}, {""ask"": 0, ""bid"": 0, ""oi"": 67000, ""option_type"": ""PE"", ""strike_price"": 315, ""oich"": 0}, {""ask"": 0, ""bid"": 0, ""oi"": 56000, ""option_type"": ""PE"", ""strike_price"": 310, ""oich"": 0}, {""ask"": 0, ""bid"": 0, ""oi"": 8000, ""option_type"": ""CE"", ""strike_price"": 280, ""oich"": 0}, {""ask"": 0, ""bid"": 0, ""oi"": 168000, ""option_type"": ""CE"", ""strike_price"": 392, ""oich"": 0}, {""ask"": 0, ""bid"": 0, ""oi"": 334000, ""option_type"": ""CE"", ""strike_price"": 395, ""oich"": 3000}, {""ask"": 0, ""bid"": 0, ""oi"": 60000, ""option_type"": ""CE"", ""strike_price"": 415, ""oich"": 0}, {""ask"": 0, ""bid"": 0, ""oi"": 450000, ""option_type"": ""PE"", ""strike_price"": 330, ""oich"": -11000}, {""ask"": 0, ""bid"": 0, ""oi"": 149000, ""option_type"": ""PE"", ""strike_price"": 335, ""oich"": -4000}, {""ask"": 0, ""bid"": 0, ""oi"": 0, ""option_type"": ""PE"", ""strike_price"": 337, ""oich"": 0}, {""ask"": 0, ""bid"": 0, ""oi"": 191000, ""option_type"": ""CE"", ""strike_price"": 372, ""oich"": -7000}, {""ask"": 0, ""bid"": 0, ""oi"": 190000, ""option_type"": ""PE"", ""strike_price"": 375, ""oich"": -63000}, {""ask"": 0, ""bid"": 0, ""oi"": 12000, ""option_type"": ""CE"", ""strike_price"": 300, ""oich"": 5000}, {""ask"": 0, ""bid"": 0, ""oi"": 233000, ""option_type"": ""PE"", ""strike_price"": 300, ""oich"": 4000}, {""ask"": 0, ""bid"": 0, ""oi"": 0, ""option_type"": ""CE"", ""strike_price"": 310, ""oich"": 0}, {""ask"": 0, ""bid"": 0, ""oi"": 66000, ""option_type"": ""CE"", ""strike_price"": 335, ""oich"": 0}, {""ask"": 0, ""bid"": 0, ""oi"": 709000, ""option_type"": ""PE"", ""strike_price"": 345, ""oich"": -13000}, {""ask"": 0, ""bid"": 0, ""oi"": 55000, ""option_type"": ""CE"", ""strike_price"": 352, ""oich"": -20000}, {""ask"": 0, ""bid"": 0, ""oi"": 285000, ""option_type"": ""CE"", ""strike_price"": 365, ""oich"": -81000}, {""ask"": 0, ""bid"": 0, ""oi"": 99000, ""option_type"": ""PE"", ""strike_price"": 385, ""oich"": -20000}, {""ask"": 0, ""bid"": 0, ""oi"": 132000, ""option_type"": ""CE"", ""strike_price"": 387, ""oich"": 0}, {""ask"": 0, ""bid"": 0, ""oi"": 16000, ""option_type"": ""PE"", ""strike_price"": 392, ""oich"": -3000}, {""ask"": 0, ""bid"": 0, ""oi"": 320000, ""option_type"": ""PE"", ""strike_price"": 400, ""oich"": -29000}, {""ask"": 0, ""bid"": 0, ""oi"": 0, ""option_type"": ""CE"", ""strike_price"": 425, ""oich"": 0}, {""ask"": 0, ""bid"": 0, ""oi"": 274000, ""option_type"": ""CE"", ""strike_price"": 405, ""oich"": 0}, {""ask"": 0, ""bid"": 0, ""oi"": 588000, ""option_type"": ""CE"", ""strike_price"": 370, ""oich"": -292000}, {""ask"": 0, ""bid"": 0, ""oi"": 160000, ""option_type"": ""CE"", ""strike_price"": 345, ""oich"": -3000}, {""ask"": 0, ""bid"": 0, ""oi"": 57000, ""option_type"": ""CE"", ""strike_price"": 325, ""oich"": 0}, {""ask"": 0, ""bid"": 0, ""oi"": 0, ""option_type"": ""CE"", ""strike_price"": 305, ""oich"": 0}, {""ask"": 0, ""bid"": 0, ""oi"": 7000, ""option_type"": ""PE"", ""strike_price"": 405, ""oich"": -1000}, {""ask"": 0, ""bid"": 0, ""oi"": 4000, ""option_type"": ""PE"", ""strike_price"": 290, ""oich"": 0}, {""ask"": 0, ""bid"": 0, ""oi"": 0, ""option_type"": ""CE"", ""strike_price"": 337, ""oich"": 0}, {""ask"": 0, ""bid"": 0, ""oi"": 125000, ""option_type"": ""PE"", ""strike_price"": 352, ""oich"": -11000}, {""ask"": 0, ""bid"": 0, ""oi"": 109000, ""option_type"": ""PE"", ""strike_price"": 357, ""oich"": -31000}, {""ask"": 0, ""bid"": 0, ""oi"": 138000, ""option_type"": ""PE"", ""strike_price"": 367, ""oich"": -12000}, {""ask"": 0, ""bid"": 0, ""oi"": 189000, ""option_type"": ""PE"", ""strike_price"": 372, ""oich"": -7000}, {""ask"": 0, ""bid"": 0, ""oi"": 1000, ""option_type"": ""CE"", ""strike_price"": 407, ""oich"": 0}, {""ask"": 0, ""bid"": 0, ""oi"": 526000, ""option_type"": ""CE"", ""strike_price"": 385, ""oich"": -70000}, {""ask"": 0, ""bid"": 0, ""oi"": 1278000, ""option_type"": ""CE"", ""strike_price"": 390, ""oich"": 29000}, {""ask"": 0, ""bid"": 0, ""oi"": 16000, ""option_type"": ""CE"", ""strike_price"": 402, ""oich"": 0}, {""ask"": 0, ""bid"": 0, ""oi"": 0, ""option_type"": ""PE"", ""strike_price"": 415, ""oich"": 0}, {""ask"": 0, ""bid"": 0, ""oi"": 7000, ""option_type"": ""PE"", ""strike_price"": 425, ""oich"": 7000}, {""ask"": 0, ""bid"": 0, ""oi"": 307000, ""option_type"": ""PE"", ""strike_price"": 360, ""oich"": -1185000}, {""ask"": 0, ""bid"": 0, ""oi"": 205000, ""option_type"": ""PE"", ""strike_price"": 377, ""oich"": -13000}, {""ask"": 0, ""bid"": 0, ""oi"": 318000, ""option_type"": ""CE"", ""strike_price"": 360, ""oich"": -429000}, {""ask"": 0, ""bid"": 0, ""oi"": 549000, ""option_type"": ""CE"", ""strike_price"": 340, ""oich"": -1000}, {""ask"": 0, ""bid"": 0, ""oi"": 0, ""option_type"": ""CE"", ""strike_price"": 332, ""oich"": 0}]",9298000,2026-01-27
